# File generated by 'stitchIsochrones.py' on Thu Sep 28 15:40:08 2017.
# Content of file: isochrone tables with [Fe/H] = -1.05.
# Isochrone tables in this file have been created by
# stitching a number of different isochrones:
# 1). Lyon isochrones for M < 0.17 Msun.
# 2). Darthmouth isochrones for M >= 0.17 Msun.
# 3). Padova isochrones for stars above the tip
#     of the Red Giant Branch.
# ---------------------------------------------------
# Isochrone table age = 2.66 Gyr
# FeH	log_age	mass	log_Teff	log_g	logL	 Johnson_V	Johnson_R	 isoID	 stage
-1.05	9.425	0.1	3.49419211109	5.32333333333	-2.96378787879	14.2536212121	12.7072878788	1	1
-1.05	9.425	0.11	3.51309363217	5.28166666667	-2.80333333333	13.5154545455	12.1438939394	1	1
-1.05	9.425	0.13	3.53423275883	5.22166666667	-2.58939393939	12.6616515151	11.4344545455	1	1
-1.05	9.425	0.15	3.54683781534	5.18166666667	-2.43348484849	12.1215909091	10.9551515151	1	1
-1.05	9.425	0.202707	3.5569	5.1062	-2.1807	11.4358	10.49	2	1
-1.05	9.425	0.236416	3.5645	5.0701	-2.0474	11.0311	10.1044	2	1
-1.05	9.425	0.264933	3.5696	5.0438	-1.9512	10.7449	9.8317	2	2
-1.05	9.425	0.287378	3.5731	5.0243	-1.8824	10.5424	9.6386	2	2
-1.05	9.425	0.300763	3.5751	5.0109	-1.8411	10.4219	9.5239	2	2
-1.05	9.425	0.308697	3.5762	5.0015	-1.8158	10.3489	9.4542	2	2
-1.05	9.425	0.314066	3.5769	4.9944	-1.7981	10.2986	9.4061	2	2
-1.05	9.425	0.31794	3.5775	4.9886	-1.785	10.2614	9.3704	2	2
-1.05	9.425	0.321216	3.5779	4.9836	-1.7738	10.2296	9.34	2	2
-1.05	9.425	0.324304	3.5783	4.9791	-1.7634	10.2001	9.3118	2	2
-1.05	9.425	0.327745	3.5788	4.9745	-1.7524	10.169	9.282	2	2
-1.05	9.425	0.332524	3.5794	4.9694	-1.7386	10.129	9.244	2	2
-1.05	9.425	0.339557	3.5803	4.9634	-1.7197	10.075	9.1928	2	2
-1.05	9.425	0.404547	3.5933	4.9006	-1.5297	9.4967	8.6552	2	2
-1.05	9.425	0.424641	3.5981	4.8781	-1.4663	9.3028	8.478	2	2
-1.05	9.425	0.435534	3.6011	4.8638	-1.4285	9.1857	8.3715	2	2
-1.05	9.425	0.447202	3.6048	4.8485	-1.3872	9.0566	8.2547	2	2
-1.05	9.425	0.460783	3.6095	4.8313	-1.3385	8.9023	8.1163	2	2
-1.05	9.425	0.473927	3.6146	4.815	-1.2896	8.7446	7.9763	2	2
-1.05	9.425	0.486731	3.6202	4.8001	-1.2405	8.5832	7.8346	2	2
-1.05	9.425	0.501121	3.627	4.785	-1.1861	8.4023	7.6768	2	2
-1.05	9.425	0.516427	3.6349	4.7714	-1.1275	8.2042	7.5057	2	2
-1.05	9.425	0.531576	3.6436	4.7604	-1.069	7.999	7.3316	2	2
-1.05	9.425	0.545194	3.6518	4.7522	-1.017	7.8134	7.1758	2	2
-1.05	9.425	0.556119	3.6586	4.7467	-0.9758	7.6655	7.0528	2	2
-1.05	9.425	0.56479	3.6642	4.7433	-0.9431	7.5474	6.9558	2	2
-1.05	9.425	0.572974	3.6696	4.7403	-0.9123	7.4373	6.8652	2	2
-1.05	9.425	0.582969	3.6761	4.7371	-0.8755	7.3076	6.7583	2	2
-1.05	9.425	0.597736	3.6854	4.7322	-0.8227	7.1261	6.6071	2	2
-1.05	9.425	0.619609	3.6986	4.7239	-0.7461	6.8737	6.3939	2	2
-1.05	9.425	0.647235	3.7143	4.7119	-0.6521	6.5816	6.1396	2	2
-1.05	9.425	0.678693	3.7309	4.6962	-0.5497	6.2824	5.8745	2	2
-1.05	9.425	0.712021	3.7468	4.6763	-0.4455	5.9934	5.6154	2	2
-1.05	9.425	0.743176	3.7601	4.6542	-0.3516	5.7426	5.3879	2	2
-1.05	9.425	0.769179	3.7703	4.6338	-0.2754	5.5437	5.2065	2	2
-1.05	9.425	0.78999	3.778	4.6165	-0.2157	5.3894	5.065	2	2
-1.05	9.425	0.807187	3.7842	4.6022	-0.167	5.2648	4.9507	2	2
-1.05	9.425	0.821946	3.7894	4.5896	-0.1257	5.1586	4.8528	2	2
-1.05	9.425	0.834606	3.7938	4.5785	-0.0908	5.0693	4.7707	2	2
-1.05	9.425	0.845613	3.7974	4.5688	-0.0607	4.9927	4.7004	2	2
-1.05	9.425	0.855562	3.8006	4.5596	-0.0336	4.924	4.6374	2	2
-1.05	9.425	0.864948	3.8035	4.5507	-0.0083	4.8596	4.5779	2	2
-1.05	9.425	0.872052	3.8057	4.5437	0.0108	4.811	4.5328	2	2
-1.05	9.425	0.879151	3.8078	4.5367	0.0298	4.7627	4.4879	2	2
-1.05	9.425	0.886251	3.8099	4.5297	0.0488	4.7143	4.4429	2	2
-1.05	9.425	0.89331	3.8119	4.5226	0.0676	4.6667	4.3986	2	2
-1.05	9.425	0.900308	3.814	4.5157	0.0862	4.6193	4.3546	2	2
-1.05	9.425	0.907251	3.816	4.5086	0.1044	4.5729	4.3113	2	2
-1.05	9.425	0.914095	3.8179	4.5017	0.1225	4.527	4.2685	2	2
-1.05	9.425	0.920807	3.8198	4.4949	0.14	4.4824	4.227	2	2
-1.05	9.425	0.927404	3.8217	4.4883	0.1573	4.4385	4.1862	2	2
-1.05	9.425	0.933929	3.8236	4.4818	0.174	4.3957	4.1465	2	2
-1.05	9.425	0.940416	3.8254	4.4756	0.1906	4.3533	4.1071	2	2
-1.05	9.425	0.946881	3.8272	4.4696	0.2071	4.3113	4.0682	2	2
-1.05	9.425	0.95334	3.8291	4.4637	0.2233	4.2697	4.0297	2	2
-1.05	9.425	0.959813	3.8311	4.4582	0.2396	4.228	3.9911	2	2
-1.05	9.425	0.966294	3.833	4.4526	0.2557	4.1866	3.953	2	2
-1.05	9.425	0.972742	3.835	4.4474	0.2719	4.1453	3.9149	2	2
-1.05	9.425	0.979116	3.8369	4.442	0.2876	4.1047	3.8774	2	2
-1.05	9.425	0.985397	3.8389	4.4369	0.3034	4.0643	3.8403	2	2
-1.05	9.425	0.991585	3.8408	4.4318	0.3188	4.0246	3.8038	2	2
-1.05	9.425	0.997648	3.8426	4.4268	0.334	3.9856	3.7679	2	2
-1.05	9.425	1.003547	3.8445	4.4218	0.3489	3.9475	3.733	2	2
-1.05	9.425	1.009244	3.8463	4.4171	0.3632	3.9106	3.6991	2	2
-1.05	9.425	1.014766	3.8479	4.4122	0.3772	3.8746	3.6661	2	2
-1.05	9.425	1.020149	3.8496	4.4076	0.3908	3.8395	3.634	2	2
-1.05	9.425	1.025395	3.8512	4.403	0.404	3.8053	3.6027	2	2
-1.05	9.425	1.030503	3.8528	4.3986	0.417	3.7717	3.5723	2	2
-1.05	9.425	1.035467	3.8544	4.3944	0.4297	3.7392	3.5426	2	2
-1.05	9.425	1.040306	3.856	4.3902	0.4421	3.7074	3.5136	2	2
-1.05	9.425	1.04501	3.8575	4.3863	0.4541	3.6764	3.4853	2	2
-1.05	9.425	1.049606	3.859	4.3825	0.4659	3.646	3.4577	2	2
-1.05	9.425	1.054493	3.8607	4.3787	0.4785	3.6135	3.4282	2	2
-1.05	9.425	1.059304	3.8623	4.3749	0.4909	3.5815	3.3991	2	2
-1.05	9.425	1.06402	3.8641	4.3713	0.503	3.55	3.3703	2	2
-1.05	9.425	1.068649	3.8657	4.3679	0.515	3.519	3.3419	2	2
-1.05	9.425	1.073204	3.8674	4.3646	0.5268	3.4883	3.3139	2	2
-1.05	9.425	1.077683	3.8691	4.3615	0.5385	3.4581	3.2866	2	2
-1.05	9.425	1.082083	3.8707	4.3585	0.55	3.4285	3.2597	2	2
-1.05	9.425	1.086376	3.8724	4.3557	0.5613	3.3993	3.2334	2	2
-1.05	9.425	1.089885	3.874	4.3538	0.5709	3.3743	3.2111	2	2
-1.05	9.425	1.094104	3.8756	4.3511	0.5819	3.3458	3.1855	2	2
-1.05	9.425	1.098258	3.8773	4.3485	0.5928	3.3177	3.1605	2	2
-1.05	9.425	1.102339	3.8789	4.346	0.6035	3.2901	3.1359	2	2
-1.05	9.425	1.106343	3.8805	4.3435	0.614	3.2629	3.1117	2	2
-1.05	9.425	1.110267	3.8821	4.3411	0.6243	3.2363	3.0879	2	2
-1.05	9.425	1.114094	3.8837	4.3388	0.6344	3.2102	3.0646	2	2
-1.05	9.425	1.117799	3.8852	4.3364	0.6442	3.1849	3.042	2	2
-1.05	9.425	1.120211	3.8867	4.3358	0.6514	3.1663	3.0259	2	2
-1.05	9.425	1.123729	3.8881	4.3337	0.6607	3.1422	3.0044	2	2
-1.05	9.425	1.12701	3.8895	4.332	0.6696	3.1196	2.9841	2	2
-1.05	9.425	1.130462	3.8909	4.3298	0.6787	3.0963	2.9631	2	2
-1.05	9.425	1.133877	3.8922	4.3274	0.6876	3.0734	2.9425	2	2
-1.05	9.425	1.13723	3.8935	4.325	0.6964	3.051	2.9221	2	2
-1.05	9.425	1.14051	3.8948	4.3224	0.705	3.0292	2.9022	2	2
-1.05	9.425	1.143712	3.8959	4.32	0.7134	3.0077	2.8827	2	2
-1.05	9.425	1.146829	3.897	4.3173	0.7217	2.9868	2.8638	2	2
-1.05	9.425	1.149858	3.8981	4.3147	0.7298	2.9664	2.8452	2	2
-1.05	9.425	1.152805	3.8991	4.312	0.7376	2.9466	2.8269	2	2
-1.05	9.425	1.155666	3.9001	4.3092	0.7453	2.9271	2.8092	2	2
-1.05	9.425	1.158437	3.901	4.3064	0.753	2.908	2.7918	2	2
-1.05	9.425	1.161119	3.9019	4.3036	0.7604	2.8895	2.7749	2	3
-1.05	9.425	1.163233	3.9026	4.3014	0.7661	2.8749	2.7615	2	3
-1.05	9.425	1.16536	3.9034	4.2991	0.7721	2.8601	2.7479	2	3
-1.05	9.425	1.167501	3.904	4.2968	0.778	2.8451	2.7343	2	3
-1.05	9.425	1.169657	3.9047	4.2945	0.7841	2.8299	2.7204	2	3
-1.05	9.425	1.171825	3.9055	4.292	0.7903	2.8146	2.7063	2	3
-1.05	9.425	1.174007	3.9063	4.2895	0.7965	2.7989	2.692	2	3
-1.05	9.425	1.176202	3.9069	4.2868	0.8029	2.7831	2.6774	2	3
-1.05	9.425	1.178404	3.9076	4.2841	0.8093	2.7671	2.6628	2	3
-1.05	9.425	1.180592	3.9083	4.2813	0.8158	2.7508	2.6478	2	3
-1.05	9.425	1.182778	3.9091	4.2785	0.8223	2.7345	2.6327	2	3
-1.05	9.425	1.184966	3.9098	4.2754	0.829	2.7179	2.6175	2	3
-1.05	9.425	1.187148	3.9105	4.2723	0.8357	2.7012	2.602	2	3
-1.05	9.425	1.189342	3.9111	4.2689	0.8424	2.6843	2.5863	2	3
-1.05	9.425	1.191558	3.9118	4.2655	0.8493	2.6672	2.5704	2	3
-1.05	9.425	1.193794	3.9125	4.2619	0.8562	2.6497	2.5542	2	3
-1.05	9.425	1.196053	3.9131	4.258	0.8633	2.6321	2.5376	2	3
-1.05	9.425	1.198329	3.9137	4.254	0.8705	2.6142	2.5209	2	3
-1.05	9.425	1.200614	3.9142	4.25	0.8778	2.596	2.5038	2	3
-1.05	9.425	1.202916	3.9148	4.2457	0.8851	2.5775	2.4865	2	3
-1.05	9.425	1.205219	3.9153	4.2413	0.8926	2.5587	2.4687	2	3
-1.05	9.425	1.207525	3.9159	4.2367	0.9001	2.5398	2.4508	2	3
-1.05	9.425	1.209819	3.9163	4.2318	0.9078	2.5206	2.4326	2	3
-1.05	9.425	1.212102	3.9168	4.2265	0.9155	2.5012	2.414	2	3
-1.05	9.425	1.214377	3.9172	4.2211	0.9233	2.4816	2.3953	2	3
-1.05	9.425	1.216645	3.9176	4.2155	0.9312	2.4618	2.3763	2	3
-1.05	9.425	1.218902	3.9179	4.2096	0.9392	2.4417	2.3569	2	3
-1.05	9.425	1.221148	3.9181	4.2035	0.9471	2.4216	2.3374	2	3
-1.05	9.425	1.223379	3.9182	4.1971	0.9551	2.4012	2.3177	2	3
-1.05	9.425	1.225593	3.9185	4.1904	0.9632	2.3808	2.2977	2	3
-1.05	9.425	1.227788	3.9186	4.1834	0.9713	2.3601	2.2774	2	3
-1.05	9.425	1.229958	3.9186	4.176	0.9795	2.3393	2.2568	2	3
-1.05	9.425	1.232104	3.9186	4.1684	0.9878	2.3181	2.2358	2	3
-1.05	9.425	1.234221	3.9185	4.1605	0.9961	2.2969	2.2146	2	3
-1.05	9.425	1.236309	3.9182	4.1519	1.0044	2.2755	2.1932	2	3
-1.05	9.425	1.238364	3.9179	4.1432	1.0128	2.254	2.1715	2	3
-1.05	9.425	1.240383	3.9176	4.134	1.0211	2.2326	2.1497	2	3
-1.05	9.425	1.242365	3.917	4.1242	1.0294	2.2112	2.1277	2	3
-1.05	9.425	1.244309	3.9164	4.1141	1.0376	2.1896	2.1053	2	3
-1.05	9.425	1.246212	3.9156	4.1033	1.0459	2.1681	2.0828	2	3
-1.05	9.425	1.248071	3.9146	4.0921	1.0541	2.1465	2.06	2	3
-1.05	9.425	1.249886	3.9136	4.0802	1.0624	2.1251	2.037	2	3
-1.05	9.425	1.25165	3.9124	4.0675	1.0705	2.1035	2.0137	2	3
-1.05	9.425	1.253361	3.9108	4.0541	1.0786	2.0821	1.99	2	3
-1.05	9.425	1.255023	3.9091	4.0399	1.0866	2.0608	1.9664	2	3
-1.05	9.425	1.256631	3.9072	4.0249	1.0947	2.0397	1.9424	2	3
-1.05	9.425	1.258184	3.905	4.009	1.1024	2.0189	1.9183	2	3
-1.05	9.425	1.259677	3.9027	3.9921	1.1101	1.9984	1.894	2	3
-1.05	9.425	1.261106	3.8999	3.9741	1.1177	1.9785	1.8698	2	3
-1.05	9.425	1.262468	3.8969	3.955	1.125	1.9592	1.8456	2	3
-1.05	9.425	1.263759	3.8935	3.9347	1.1322	1.9408	1.8217	2	3
-1.05	9.425	1.264596	3.891	3.9201	1.137	1.9284	1.8053	2	3
-1.05	9.425	1.265426	3.888	3.9041	1.1417	1.9164	1.7886	2	3
-1.05	9.425	1.266249	3.8848	3.8867	1.1465	1.9045	1.7714	2	3
-1.05	9.425	1.267061	3.8812	3.8677	1.1514	1.8931	1.7539	2	3
-1.05	9.425	1.26786	3.8771	3.8467	1.1561	1.882	1.7359	2	3
-1.05	9.425	1.268644	3.8726	3.824	1.1608	1.8714	1.7176	2	3
-1.05	9.425	1.269408	3.8674	3.799	1.1656	1.8619	1.6992	2	3
-1.05	9.425	1.270153	3.8618	3.7722	1.17	1.8532	1.681	2	3
-1.05	9.425	1.270875	3.8556	3.7432	1.1743	1.8459	1.663	2	3
-1.05	9.425	1.271577	3.8488	3.7125	1.1783	1.84	1.6457	2	3
-1.05	9.425	1.272261	3.8416	3.6805	1.1818	1.8361	1.6296	2	3
-1.05	9.425	1.272934	3.8342	3.6478	1.185	1.8335	1.6145	2	3
-1.05	9.425	1.273599	3.8264	3.6149	1.1872	1.8342	1.602	2	3
-1.05	9.425	1.274262	3.8185	3.5825	1.1885	1.8373	1.5918	2	3
-1.05	9.425	1.274913	3.8108	3.5519	1.1881	1.8451	1.5866	2	3
-1.05	9.425	1.27553	3.8033	3.5235	1.1864	1.8563	1.585	2	3
-1.05	9.425	1.276094	3.7963	3.4999	1.1825	1.874	1.5914	2	3
-1.05	9.425	1.276592	3.7899	3.4795	1.1774	1.894	1.6009	2	3
-1.05	9.425	1.277024	3.7847	3.4662	1.1703	1.9174	1.6156	2	3
-1.05	9.425	1.277417	3.7793	3.4517	1.1633	1.9397	1.6277	2	3
-1.05	9.425	1.277947	3.7728	3.4386	1.1507	1.9774	1.6536	2	3
-1.05	9.425	1.278485	3.7669	3.4279	1.1379	2.0167	1.6824	2	3
-1.05	9.425	1.279054	3.7614	3.4174	1.1264	2.0525	1.7089	2	3
-1.05	9.425	1.279683	3.7561	3.4048	1.1177	2.0819	1.7289	2	3
-1.05	9.425	1.280373	3.7513	3.3897	1.1143	2.097	1.7358	2	3
-1.05	9.425	1.281073	3.7475	3.3716	1.1172	2.0959	1.728	2	3
-1.05	9.425	1.281742	3.7445	3.3532	1.124	2.0841	1.7111	2	3
-1.05	9.425	1.282381	3.7421	3.3337	1.1339	2.0633	1.6861	2	3
-1.05	9.425	1.282991	3.7403	3.315	1.1457	2.0368	1.6565	2	3
-1.05	9.425	1.283587	3.7387	3.296	1.1584	2.0082	1.625	2	3
-1.05	9.425	1.28417	3.7373	3.277	1.172	1.9769	1.5911	2	3
-1.05	9.425	1.28474	3.7362	3.2584	1.1863	1.9434	1.5555	2	3
-1.05	9.425	1.285303	3.7352	3.2401	1.2009	1.9088	1.5192	2	3
-1.05	9.425	1.285858	3.7344	3.2222	1.2159	1.8731	1.482	2	3
-1.05	9.425	1.286411	3.7335	3.204	1.2307	1.8378	1.4451	2	3
-1.05	9.425	1.286959	3.7328	3.1861	1.2458	1.8017	1.4077	2	3
-1.05	9.425	1.287505	3.732	3.1684	1.2609	1.7655	1.3702	2	3
-1.05	9.425	1.288049	3.7314	3.1508	1.2761	1.729	1.3325	2	3
-1.05	9.425	1.28859	3.7308	3.1331	1.2914	1.6921	1.2945	2	3
-1.05	9.425	1.289118	3.7302	3.1153	1.3071	1.6545	1.2557	2	3
-1.05	9.425	1.289636	3.7295	3.0971	1.323	1.6158	1.2161	2	3
-1.05	9.425	1.290136	3.7289	3.0783	1.3395	1.5762	1.1753	2	3
-1.05	9.425	1.290624	3.7283	3.0594	1.3563	1.5355	1.1337	2	3
-1.05	9.425	1.291101	3.7278	3.0401	1.3733	1.4943	1.0914	2	3
-1.05	9.425	1.291565	3.7272	3.0206	1.3906	1.4525	1.0485	2	3
-1.05	9.425	1.29202	3.7265	3.0007	1.4081	1.4102	1.0052	2	3
-1.05	9.425	1.292465	3.7259	2.9806	1.4258	1.3675	0.9613	2	3
-1.05	9.425	1.292899	3.7252	2.96	1.4437	1.3244	0.9171	2	3
-1.05	9.425	1.293322	3.7245	2.9392	1.4619	1.2806	0.8723	2	3
-1.05	9.425	1.293736	3.7238	2.9183	1.4802	1.2365	0.827	2	3
-1.05	9.425	1.294138	3.7231	2.8971	1.4988	1.1919	0.7813	2	3
-1.05	9.425	1.294531	3.7224	2.8756	1.5176	1.147	0.7352	2	3
-1.05	9.425	1.294915	3.7216	2.8537	1.5364	1.1017	0.6886	2	3
-1.05	9.425	1.295288	3.721	2.8319	1.5555	1.0561	0.6417	2	3
-1.05	9.425	1.29565	3.7201	2.8095	1.5747	1.0101	0.5943	2	3
-1.05	9.425	1.295726	3.72	2.8049	1.5788	1.0003	0.5843	2	3
-1.05	9.425	1.295801	3.7199	2.8003	1.5831	0.99	0.5738	2	3
-1.05	9.425	1.295877	3.7197	2.7956	1.5872	0.9798	0.5635	2	3
-1.05	9.425	1.295952	3.7195	2.7906	1.5914	0.97	0.5533	2	3
-1.05	9.425	1.296029	3.7193	2.7855	1.5956	0.9604	0.5432	2	3
-1.05	9.425	1.296104	3.7191	2.7806	1.5997	0.9504	0.5329	2	3
-1.05	9.425	1.296178	3.7189	2.7757	1.6039	0.9402	0.5224	2	3
-1.05	9.425	1.296251	3.7187	2.7707	1.6082	0.9301	0.5119	2	3
-1.05	9.425	1.296326	3.7185	2.7658	1.6125	0.92	0.5014	2	3
-1.05	9.425	1.2964	3.7184	2.7608	1.6167	0.9098	0.4909	2	3
-1.05	9.425	1.297138	3.7164	2.7087	1.6614	0.8034	0.3807	2	3
-1.05	9.425	1.29779	3.7146	2.6586	1.7042	0.7014	0.2752	2	3
-1.05	9.425	1.298383	3.7127	2.6094	1.7462	0.6022	0.1722	2	3
-1.05	9.425	1.298948	3.7107	2.559	1.7888	0.5013	0.0672	2	3
-1.05	9.425	1.299465	3.7087	2.5089	1.8311	0.402	-0.0358	2	3
-1.05	9.425	1.299933	3.7066	2.4597	1.8721	0.3068	-0.1348	2	3
-1.05	9.425	1.300376	3.7045	2.4094	1.9139	0.2106	-0.235	2	3
-1.05	9.425	1.300778	3.7022	2.3595	1.9549	0.1163	-0.3333	2	3
-1.05	9.425	1.301149	3.6999	2.3094	1.996	0.0221	-0.4322	2	3
-1.05	9.425	1.30149	3.6976	2.2589	2.0372	-0.0726	-0.5324	2	3
-1.05	9.425	1.301801	3.6953	2.2105	2.0766	-0.1628	-0.6283	2	3
-1.05	9.425	1.302093	3.6932	2.1644	2.1141	-0.2485	-0.7195	2	3
-1.05	9.425	1.302358	3.6911	2.1221	2.1484	-0.3265	-0.8023	2	3
-1.05	9.425	1.302612	3.6895	2.0863	2.1775	-0.3926	-0.8724	2	3
-1.05	9.425	1.302853	3.689	2.0732	2.1886	-0.4185	-0.8993	2	3
-1.05	9.425	1.303106	3.6915	2.1195	2.1526	-0.3392	-0.814	2	3
-1.05	9.425	1.30341	3.6915	2.1169	2.1557	-0.3474	-0.8221	2	3
-1.05	9.425	1.303715	3.6886	2.0586	2.2027	-0.4533	-0.9345	2	3
-1.05	9.425	1.30399	3.6859	2.0028	2.2476	-0.554	-1.0414	2	3
-1.05	9.425	1.304238	3.6832	1.9488	2.2906	-0.6495	-1.1434	2	3
-1.05	9.425	1.304464	3.6805	1.8971	2.3316	-0.7398	-1.2402	2	3
-1.05	9.425	1.304668	3.678	1.8501	2.3692	-0.8216	-1.3281	2	3
-1.05	9.425	1.304859	3.676	1.8099	2.4008	-0.8898	-1.4019	2	3
-1.05	9.425	1.305039	3.6735	1.7628	2.4381	-0.9707	-1.4892	2	3
-1.05	9.425	1.305203	3.6709	1.7131	2.4776	-1.0556	-1.5811	2	3
-1.05	9.425	1.305354	3.6684	1.6649	2.5157	-1.1375	-1.6697	2	3
-1.05	9.425	1.305493	3.6659	1.6177	2.5532	-1.2173	-1.7564	2	3
-1.05	9.425	1.30562	3.6635	1.5709	2.5901	-1.2956	-1.8415	2	3
-1.05	9.425	1.305736	3.6611	1.5252	2.6263	-1.3715	-1.9244	2	3
-1.05	9.425	1.305844	3.6586	1.4793	2.6623	-1.4463	-2.0064	2	3
-1.05	9.425	1.305944	3.6561	1.4351	2.6967	-1.5167	-2.0844	2	3
-1.05	9.425	1.306035	3.6538	1.3926	2.7297	-1.5836	-2.1584	2	3
-1.05	9.425	1.30612	3.6514	1.3505	2.7623	-1.6488	-2.231	2	3
-1.05	9.425	1.306199	3.649	1.3093	2.794	-1.7118	-2.3015	2	3
-1.05	9.425	1.306272	3.6467	1.2688	2.8251	-1.7724	-2.3698	2	3
-1.05	9.425	1.306341	3.6443	1.2292	2.8555	-1.8311	-2.436	2	3
-1.05	9.425	1.306405	3.642	1.1901	2.8854	-1.8879	-2.5008	2	3
-1.05	9.425	1.306464	3.6398	1.1519	2.9145	-1.9429	-2.5636	2	3
-1.05	9.425	1.30652	3.6375	1.1144	2.943	-1.9962	-2.6248	2	3
-1.05	9.425	1.306573	3.6353	1.0775	2.971	-2.0476	-2.6844	2	3
-1.05	9.425	1.306622	3.633	1.0413	2.9984	-2.0976	-2.7425	2	3
-1.05	9.425	1.306668	3.6309	1.0056	3.0254	-2.1458	-2.799	2	3
-1.05	9.425	1.306711	3.6286	0.9704	3.0518	-2.1921	-2.8538	2	3
-1.05	9.425	1.306753	3.6265	0.9359	3.0776	-2.237	-2.9071	2	3
-1.05	9.425	1.306791	3.6243	0.9022	3.1028	-2.2804	-2.959	2	3
-1.05	9.425	1.306828	3.6222	0.8691	3.1275	-2.3223	-3.0092	2	3
-1.05	9.425	1.306863	3.6202	0.8366	3.1517	-2.3629	-3.0583	2	3
-1.05	9.425	1.306895	3.6181	0.8048	3.1753	-2.4018	-3.1058	2	3
-1.05	9.425	1.306926	3.6161	0.7739	3.1984	-2.4392	-3.1518	2	3
-1.05	9.425	1.306956	3.6142	0.7435	3.2209	-2.4753	-3.1964	2	3
-1.05	9.425	1.306984	3.6123	0.714	3.2428	-2.5098	-3.2394	2	3
-1.05	9.425	1.30701	3.6105	0.686	3.2636	-2.5422	-3.2802	2	3
-1.05	9.425	1.3076434782	3.7225	2.5736	1.8019	0.45	0.015	3	4
-1.05	9.425	1.3083891323	3.7215	2.5601	1.8119	0.428	-0.009	3	4
-1.05	9.425	1.3086111	3.7214	2.5575	1.814	0.423	-0.014	3	4
-1.05	9.425	1.3092029741	3.7217	2.5566	1.8163	0.416	-0.021	3	4
-1.05	9.425	1.3100563934	3.7223	2.5564	1.8193	0.407	-0.029	3	4
-1.05	9.425	1.3109217336	3.7229	2.5556	1.8227	0.396	-0.038	3	4
-1.05	9.425	1.311824148	3.7234	2.5541	1.8266	0.385	-0.048	3	4
-1.05	9.425	1.3127538612	3.7238	2.5521	1.8307	0.373	-0.059	3	4
-1.05	9.425	1.3137034824	3.7243	2.5499	1.835	0.361	-0.07	3	4
-1.05	9.425	1.3146380832	3.7245	2.5469	1.8395	0.349	-0.081	3	4
-1.05	9.425	1.3155593326	3.7248	2.5437	1.844	0.337	-0.093	3	4
-1.05	9.425	1.3164605549	3.725	2.5405	1.8484	0.325	-0.104	3	4
-1.05	9.425	1.3171632936	3.7251	2.5376	1.852	0.316	-0.113	3	4
-1.05	9.425	1.3173793009	3.7251	2.5364	1.8532	0.313	-0.116	3	4
-1.05	9.425	1.3183425119	3.725	2.5308	1.8587	0.3	-0.13	3	4
-1.05	9.425	1.3193417242	3.7247	2.5236	1.8651	0.285	-0.145	3	4
-1.05	9.425	1.3203902891	3.7241	2.5141	1.8727	0.267	-0.164	3	4
-1.05	9.425	1.3215435198	3.723	2.499	1.8839	0.243	-0.191	3	4
-1.05	9.425	1.3227401426	3.7215	2.4798	1.8976	0.213	-0.224	3	4
-1.05	9.425	1.32329685	3.7204	2.4654	1.9075	0.191	-0.248	3	4
-1.05	9.425	1.3239975622	3.7187	2.4435	1.923	0.157	-0.286	3	4
-1.05	9.425	1.325932329	3.7141	2.3775	1.9712	0.05	-0.403	3	4
-1.05	9.425	1.3260842016	3.7117	2.3435	1.9959	-0.005	-0.463	3	4
-1.05	9.425	1.3261999538	3.7075	2.2789	2.0439	-0.112	-0.58	3	4
-1.05	9.425	1.3262346437	3.7047	2.2314	2.0798	-0.194	-0.667	3	4
-1.05	9.425	1.3262611082	3.6993	2.1389	2.1509	-0.354	-0.84	3	4
-1.05	9.425	1.3262738636	3.695	2.06	2.2125	-0.491	-0.986	3	4
-1.05	9.425	1.3262874534	3.6907	1.9808	2.2745	-0.628	-1.134	3	4
-1.05	9.425	1.3263116529	3.6869	1.9134	2.3268	-0.743	-1.258	3	4
-1.05	9.425	1.3264280012	3.6913	1.9904	2.2676	-0.614	-1.118	3	4
-1.05	9.425	1.3266601017	3.6865	1.9025	2.3361	-0.764	-1.281	3	4
-1.05	9.425	1.3267714432	3.6825	1.8258	2.3968	-0.899	-1.426	3	4
-1.05	9.425	1.326866453	3.6778	1.7359	2.4682	-1.057	-1.596	3	4
-1.05	9.425	1.3269212892	3.6734	1.6536	2.5328	-1.198	-1.748	3	4
-1.05	9.425	1.3269756487	3.669	1.5699	2.599	-1.338	-1.901	3	4
-1.05	9.425	1.3270300081	3.6649	1.4923	2.6603	-1.468	-2.041	3	4
-1.05	9.425	1.3270873478	3.6598	1.4102	2.7219	-1.592	-2.18	3	4
-1.05	9.425	1.3271380117	3.6555	1.33	2.7848	-1.723	-2.324	3	4
-1.05	9.425	1.3271747282	3.6515	1.2578	2.8413	-1.84	-2.453	3	4
-1.05	9.425	1.327205961	3.647	1.1801	2.9008	-1.957	-2.585	3	4
-1.05	9.425	1.3272336176	3.6418	1.0949	2.9652	-2.078	-2.723	3	4
-1.05	9.425	1.327256625	3.6369	1.0158	3.0247	-2.189	-2.85	3	4
-1.05	9.425	1.3272798708	3.6321	0.9346	3.0868	-2.306	-2.984	3	4
-1.05	9.425	1.3273047855	3.6271	0.8499	3.1516	-2.427	-3.123	3	4
-1.05	9.425	1.3273219517	3.624	0.7984	3.1906	-2.496	-3.205	3	4
-1.05	9.425	1.3273239782	3.6224	0.774	3.2087	-2.526	-3.241	3	4
-1.05	9.425	1.3273257664	3.6211	0.7532	3.2242	-2.551	-3.272	3	4
-1.05	9.425	1.327328389	3.6193	0.7262	3.2442	-2.582	-3.312	3	4
-1.05	9.425	1.3273344686	3.6151	0.6595	3.2938	-2.662	-3.41	3	4
-1.05	9.425	1.327334707	3.6525	1.1908	2.9123	-2.023	-2.635	3	4
-1.05	9.425	1.3274131468	3.6431	1.0427	3.0177	-1.857	-2.673	3	4
-1.05	9.425	1.3274635723	3.6308	0.896	3.1084	-2.079	-2.907	3	4
-1.05	9.425	1.3275147131	3.6152	0.7392	3.1917	-2.272	-3.121	3	4
-1.05	9.425	1.3275588205	3.5639	0.191	3.5183	-2.646	-3.619	3	4
-1.05	9.425	1.32756192	3.5971	0.5814	3.2587	-2.387	-3.252	3	4
-1.05	9.425	1.3275939873	3.5394	-0.0056	3.5962	-2.518	-3.583	3	4
-1.05	9.425	1.3275969675	3.575	0.3799	3.3501	-2.365	-3.299	3	4
-1.05	9.425	1.3276247432	3.5172	-0.214	3.6857	-2.428	-3.606	3	4
-1.05	9.425	1.327626889	3.5575	0.2027	3.4262	-2.334	-3.33	3	4
-1.05	9.425	1.3276503732	3.4838	-0.4587	3.7456	-2.171	-3.49	3	4
-1.05	9.425	1.327652519	3.5196	-0.123	3.5465	-2.121	-3.279	3	4
-1.05	9.425	1.3276683738	3.4706	-0.6123	3.79	-2.099	-3.488	3	4
-1.05	9.425	1.3276745727	3.542	0.0079	3.401	-2.065	-3.12	3	4
-1.05	9.425	1.3276813677	3.5074	-0.3947	3.6322	-2.159	-3.389	3	4
-1.05	9.425	1.3276874473	4.4074	2.9535	3.8355	-3.881	-4.731	3	4
-1.05	9.425	1.3276894739	4.1534	2.0872	3.6861	-3.311	-3.281	3	4
