# File generated by 'stitchIsochrones.py' on Thu Sep 28 15:40:04 2017.
# Content of file: isochrone tables with [Fe/H] = -1.4.
# Isochrone tables in this file have been created by
# stitching a number of different isochrones:
# 1). Lyon isochrones for M < 0.17 Msun.
# 2). Darthmouth isochrones for M >= 0.17 Msun.
# 3). Padova isochrones for stars above the tip
#     of the Red Giant Branch.
# ---------------------------------------------------
# Isochrone table age = 6.68 Gyr
# FeH	log_age	mass	log_Teff	log_g	logL	 Johnson_V	Johnson_R	 isoID	 stage
-1.4	9.825	0.1	3.50846446256	5.34409090909	-2.92181818182	13.7902727273	12.3750454546	1	1
-1.4	9.825	0.11	3.52785764538	5.295	-2.75954545454	13.1102272728	11.8406363637	1	1
-1.4	9.825	0.13	3.54975391509	5.235	-2.54045454546	12.3130909091	11.1543636364	1	1
-1.4	9.825	0.15	3.56286364754	5.19454545454	-2.38318181818	11.7940454545	10.6829545455	1	1
-1.4	9.825	0.174707	3.5628	5.1469	-2.2627	11.5685	10.6305	2	1
-1.4	9.825	0.195661	3.5693	5.1159	-2.1561	11.2448	10.326	2	1
-1.4	9.825	0.212871	3.5736	5.0916	-2.0778	11.0123	10.1071	2	1
-1.4	9.825	0.228703	3.5769	5.0709	-2.0125	10.8208	9.9266	2	1
-1.4	9.825	0.244512	3.58	5.0522	-1.9526	10.6465	9.7625	2	1
-1.4	9.825	0.261491	3.5829	5.0344	-1.894	10.4763	9.6025	2	2
-1.4	9.825	0.278012	3.5854	5.019	-1.8417	10.3247	9.4603	2	2
-1.4	9.825	0.292128	3.5876	5.006	-1.7988	10.201	9.3442	2	2
-1.4	9.825	0.302363	3.589	4.9962	-1.7683	10.1131	9.2618	2	2
-1.4	9.825	0.309268	3.59	4.9896	-1.7482	10.0557	9.2081	2	2
-1.4	9.825	0.314739	3.5907	4.9846	-1.7327	10.0116	9.1666	2	2
-1.4	9.825	0.319127	3.5912	4.9806	-1.7205	9.9769	9.1339	2	2
-1.4	9.825	0.322934	3.5917	4.9775	-1.7103	9.9476	9.1065	2	2
-1.4	9.825	0.326863	3.5922	4.9744	-1.7	9.9179	9.0787	2	2
-1.4	9.825	0.331865	3.5929	4.9717	-1.6881	9.8832	9.0465	2	2
-1.4	9.825	0.338094	3.5937	4.9683	-1.6733	9.8406	9.0071	2	2
-1.4	9.825	0.353448	3.5962	4.9551	-1.6311	9.7156	8.8912	2	2
-1.4	9.825	0.395361	3.6044	4.9134	-1.5077	9.3458	8.5532	2	2
-1.4	9.825	0.419795	3.6103	4.8852	-1.4295	9.1074	8.3374	2	2
-1.4	9.825	0.4324	3.6139	4.8691	-1.3858	8.9726	8.2162	2	2
-1.4	9.825	0.441418	3.6171	4.8565	-1.3517	8.865	8.1202	2	2
-1.4	9.825	0.452593	3.6214	4.8419	-1.3095	8.7308	8.0014	2	2
-1.4	9.825	0.467449	3.6274	4.8236	-1.253	8.5485	7.8412	2	2
-1.4	9.825	0.482291	3.6343	4.8064	-1.1945	8.3566	7.674	2	2
-1.4	9.825	0.495455	3.641	4.7925	-1.1422	8.1817	7.5231	2	2
-1.4	9.825	0.506535	3.647	4.7821	-1.0979	8.0314	7.3946	2	2
-1.4	9.825	0.515772	3.6525	4.7745	-1.0607	7.9023	7.2855	2	2
-1.4	9.825	0.524182	3.6578	4.7684	-1.0264	7.7829	7.1851	2	2
-1.4	9.825	0.532467	3.6632	4.7629	-0.9927	7.6655	7.0867	2	2
-1.4	9.825	0.541308	3.669	4.7575	-0.9569	7.5422	6.9829	2	2
-1.4	9.825	0.551554	3.6757	4.7515	-0.9158	7.4031	6.8657	2	2
-1.4	9.825	0.563421	3.6835	4.7447	-0.8685	7.246	6.7327	2	2
-1.4	9.825	0.576383	3.6921	4.7376	-0.8172	7.0791	6.59	2	2
-1.4	9.825	0.589952	3.701	4.7301	-0.7641	6.9123	6.4455	2	2
-1.4	9.825	0.603541	3.7095	4.7217	-0.7116	6.7534	6.3058	2	2
-1.4	9.825	0.616791	3.7175	4.7129	-0.6612	6.6051	6.174	2	2
-1.4	9.825	0.62959	3.7251	4.7036	-0.6129	6.4671	6.0506	2	2
-1.4	9.825	0.64194	3.732	4.6939	-0.5668	6.338	5.9348	2	2
-1.4	9.825	0.647666	3.7352	4.6891	-0.5456	6.2793	5.882	2	2
-1.4	9.825	0.653389	3.7383	4.6842	-0.5245	6.2212	5.8297	2	2
-1.4	9.825	0.659084	3.7413	4.6792	-0.5036	6.1641	5.7781	2	2
-1.4	9.825	0.66473	3.7442	4.6738	-0.4829	6.1081	5.7274	2	2
-1.4	9.825	0.670306	3.7471	4.6685	-0.4625	6.0535	5.6778	2	2
-1.4	9.825	0.675794	3.7498	4.663	-0.4425	6.0002	5.6293	2	2
-1.4	9.825	0.681183	3.7525	4.6574	-0.4229	5.9483	5.5819	2	2
-1.4	9.825	0.686472	3.7551	4.6518	-0.4036	5.8976	5.5356	2	2
-1.4	9.825	0.691661	3.7575	4.6462	-0.3847	5.8481	5.4903	2	2
-1.4	9.825	0.696757	3.76	4.6406	-0.3663	5.7997	5.446	2	2
-1.4	9.825	0.701777	3.7623	4.6349	-0.3481	5.7521	5.4025	2	2
-1.4	9.825	0.706725	3.7646	4.6293	-0.3301	5.7055	5.3595	2	2
-1.4	9.825	0.711623	3.7669	4.6238	-0.3123	5.6593	5.3172	2	2
-1.4	9.825	0.71647	3.7692	4.6181	-0.2947	5.6138	5.2754	2	2
-1.4	9.825	0.721283	3.7715	4.6126	-0.2773	5.5686	5.2339	2	2
-1.4	9.825	0.726063	3.7736	4.6069	-0.2599	5.5239	5.1929	2	2
-1.4	9.825	0.730808	3.7759	4.6012	-0.2427	5.4795	5.1522	2	2
-1.4	9.825	0.735509	3.778	4.5955	-0.2255	5.4356	5.112	2	2
-1.4	9.825	0.740158	3.7801	4.5898	-0.2086	5.3921	5.0721	2	2
-1.4	9.825	0.744756	3.7823	4.5842	-0.1919	5.3492	5.0327	2	2
-1.4	9.825	0.749274	3.7842	4.5786	-0.1754	5.3069	4.9939	2	2
-1.4	9.825	0.753704	3.7863	4.5729	-0.1592	5.2654	4.9556	2	2
-1.4	9.825	0.758038	3.7882	4.5673	-0.1433	5.2247	4.918	2	2
-1.4	9.825	0.762281	3.7901	4.5617	-0.1278	5.1848	4.8811	2	2
-1.4	9.825	0.76643	3.7919	4.5562	-0.1124	5.1456	4.8449	2	2
-1.4	9.825	0.770478	3.7937	4.5506	-0.0975	5.1075	4.8096	2	2
-1.4	9.825	0.774432	3.7955	4.5452	-0.0829	5.0701	4.7749	2	2
-1.4	9.825	0.778306	3.7972	4.5397	-0.0686	5.0336	4.7413	2	2
-1.4	9.825	0.782107	3.7988	4.5344	-0.0544	4.9977	4.7082	2	2
-1.4	9.825	0.785839	3.8004	4.5288	-0.0406	4.9626	4.676	2	2
-1.4	9.825	0.790829	3.8025	4.5213	-0.022	4.9154	4.6327	2	2
-1.4	9.825	0.795838	3.8045	4.5135	-0.0034	4.868	4.589	2	2
-1.4	9.825	0.800882	3.8065	4.5055	0.0154	4.8202	4.5447	2	2
-1.4	9.825	0.805947	3.8085	4.4972	0.0342	4.7722	4.4999	2	2
-1.4	9.825	0.811018	3.8104	4.4885	0.0531	4.724	4.4547	2	2
-1.4	9.825	0.816079	3.8121	4.4795	0.0721	4.6756	4.4094	2	2
-1.4	9.825	0.821109	3.814	4.4703	0.0911	4.6273	4.3639	2	2
-1.4	9.825	0.826084	3.8157	4.461	0.1099	4.5791	4.3187	2	2
-1.4	9.825	0.830987	3.8173	4.4515	0.1287	4.5312	4.2737	2	2
-1.4	9.825	0.835797	3.8189	4.4419	0.1474	4.4837	4.2289	2	2
-1.4	9.825	0.840508	3.8205	4.4322	0.1659	4.4366	4.1844	2	2
-1.4	9.825	0.845108	3.8221	4.4225	0.1841	4.3898	4.1403	2	2
-1.4	9.825	0.849596	3.8236	4.4128	0.2022	4.3435	4.0966	2	2
-1.4	9.825	0.85397	3.8251	4.4031	0.2202	4.2977	4.0533	2	2
-1.4	9.825	0.858243	3.8266	4.3934	0.238	4.2522	4.0104	2	2
-1.4	9.825	0.862423	3.828	4.3838	0.2555	4.2072	3.9678	2	2
-1.4	9.825	0.866514	3.8295	4.3741	0.2729	4.1625	3.9256	2	2
-1.4	9.825	0.870525	3.8309	4.3645	0.2903	4.1181	3.8836	2	2
-1.4	9.825	0.874465	3.8324	4.3549	0.3075	4.074	3.842	2	2
-1.4	9.825	0.878341	3.8338	4.3454	0.3246	4.0301	3.8006	2	2
-1.4	9.825	0.882155	3.8351	4.3359	0.3415	3.9866	3.7596	2	2
-1.4	9.825	0.885879	3.8365	4.3266	0.3583	3.9433	3.7187	2	2
-1.4	9.825	0.889527	3.8379	4.317	0.3749	3.9005	3.6783	2	2
-1.4	9.825	0.893108	3.8393	4.3077	0.3915	3.8579	3.6382	2	2
-1.4	9.825	0.896617	3.8405	4.2982	0.4078	3.8159	3.5984	2	2
-1.4	9.825	0.900057	3.8419	4.2889	0.424	3.774	3.559	2	2
-1.4	9.825	0.903436	3.8431	4.2796	0.4401	3.7328	3.52	2	2
-1.4	9.825	0.906753	3.8443	4.2703	0.4558	3.6919	3.4813	2	2
-1.4	9.825	0.909999	3.8455	4.261	0.4715	3.6515	3.4431	2	2
-1.4	9.825	0.913148	3.8467	4.2517	0.487	3.6118	3.4054	2	2
-1.4	9.825	0.914283	3.8471	4.2482	0.4927	3.597	3.3915	2	2
-1.4	9.825	0.915418	3.8476	4.245	0.4984	3.5821	3.3775	2	2
-1.4	9.825	0.916552	3.8481	4.2416	0.5042	3.5671	3.3633	2	2
-1.4	9.825	0.917685	3.8485	4.2381	0.5101	3.5521	3.349	2	2
-1.4	9.825	0.918816	3.849	4.2346	0.516	3.5368	3.3346	2	2
-1.4	9.825	0.919944	3.8495	4.2309	0.522	3.5214	3.3199	2	2
-1.4	9.825	0.92107	3.8498	4.2271	0.528	3.5058	3.3052	2	2
-1.4	9.825	0.92219	3.8503	4.2231	0.5341	3.49	3.2902	2	2
-1.4	9.825	0.923307	3.8507	4.2191	0.5403	3.4741	3.275	2	2
-1.4	9.825	0.924419	3.8511	4.2148	0.5465	3.4582	3.2597	2	2
-1.4	9.825	0.925527	3.8514	4.2106	0.5528	3.4419	3.2442	2	2
-1.4	9.825	0.92663	3.8517	4.206	0.5591	3.4256	3.2286	2	2
-1.4	9.825	0.927728	3.8521	4.2015	0.5655	3.4092	3.2128	2	2
-1.4	9.825	0.928821	3.8524	4.1968	0.572	3.3926	3.1968	2	2
-1.4	9.825	0.929907	3.8527	4.192	0.5785	3.3759	3.1807	2	2
-1.4	9.825	0.930987	3.853	4.1871	0.585	3.3591	3.1644	2	2
-1.4	9.825	0.932061	3.8532	4.182	0.5916	3.3421	3.148	2	2
-1.4	9.825	0.933127	3.8535	4.1768	0.5983	3.325	3.1314	2	2
-1.4	9.825	0.934185	3.8537	4.1713	0.6051	3.3077	3.1147	2	2
-1.4	9.825	0.935235	3.8539	4.1659	0.6118	3.2904	3.0977	2	2
-1.4	9.825	0.936278	3.854	4.16	0.6187	3.2729	3.0806	2	2
-1.4	9.825	0.937309	3.8541	4.154	0.6256	3.2553	3.0632	2	2
-1.4	9.825	0.938329	3.8541	4.1477	0.6325	3.2376	3.0457	2	2
-1.4	9.825	0.93934	3.8542	4.1411	0.6396	3.2197	3.028	2	2
-1.4	9.825	0.94034	3.8541	4.1343	0.6467	3.2017	3.01	2	2
-1.4	9.825	0.941328	3.854	4.1273	0.6538	3.1836	2.992	2	2
-1.4	9.825	0.942306	3.8538	4.12	0.661	3.1654	2.9736	2	2
-1.4	9.825	0.94327	3.8537	4.1124	0.6682	3.1471	2.9552	2	3
-1.4	9.825	0.944221	3.8534	4.1043	0.6755	3.1287	2.9365	2	3
-1.4	9.825	0.945159	3.8531	4.0961	0.6829	3.1102	2.9176	2	3
-1.4	9.825	0.946083	3.8526	4.0875	0.6902	3.0916	2.8985	2	3
-1.4	9.825	0.946991	3.8521	4.0785	0.6977	3.073	2.8792	2	3
-1.4	9.825	0.947884	3.8515	4.069	0.7052	3.0543	2.8597	2	3
-1.4	9.825	0.94876	3.8508	4.0592	0.7127	3.0356	2.8401	2	3
-1.4	9.825	0.949619	3.85	4.0489	0.7203	3.0168	2.8202	2	3
-1.4	9.825	0.950463	3.8492	4.0382	0.7279	2.998	2.8001	2	3
-1.4	9.825	0.951286	3.8483	4.0269	0.7355	2.9792	2.7798	2	3
-1.4	9.825	0.952091	3.8471	4.0151	0.7432	2.9605	2.7595	2	3
-1.4	9.825	0.952877	3.8459	4.0028	0.7508	2.9416	2.7388	2	3
-1.4	9.825	0.953643	3.8445	3.99	0.7586	2.923	2.718	2	3
-1.4	9.825	0.954387	3.8429	3.9764	0.7664	2.9043	2.697	2	3
-1.4	9.825	0.95511	3.8412	3.9622	0.7741	2.8859	2.6759	2	3
-1.4	9.825	0.955813	3.8394	3.9475	0.7818	2.8675	2.6546	2	3
-1.4	9.825	0.956491	3.8374	3.9322	0.7896	2.8494	2.6332	2	3
-1.4	9.825	0.957149	3.8352	3.9161	0.7973	2.8314	2.6118	2	3
-1.4	9.825	0.957784	3.8329	3.8993	0.8049	2.8136	2.5901	2	3
-1.4	9.825	0.958394	3.8304	3.8817	0.8125	2.7962	2.5684	2	3
-1.4	9.825	0.958983	3.8276	3.8634	0.8202	2.779	2.5467	2	3
-1.4	9.825	0.95955	3.8246	3.8442	0.8277	2.7622	2.525	2	3
-1.4	9.825	0.960098	3.8214	3.8243	0.8352	2.7458	2.5034	2	3
-1.4	9.825	0.960448	3.8193	3.8106	0.84	2.7351	2.4892	2	3
-1.4	9.825	0.960795	3.8168	3.7963	0.8449	2.7247	2.4748	2	3
-1.4	9.825	0.961139	3.8142	3.7812	0.8498	2.7144	2.4601	2	3
-1.4	9.825	0.961481	3.8114	3.7654	0.8546	2.7044	2.4454	2	3
-1.4	9.825	0.961821	3.8084	3.7489	0.8592	2.6951	2.4309	2	3
-1.4	9.825	0.96216	3.8053	3.7319	0.8637	2.6865	2.4171	2	3
-1.4	9.825	0.962495	3.8019	3.7144	0.8678	2.679	2.4041	2	3
-1.4	9.825	0.962824	3.7983	3.6965	0.8716	2.6726	2.3916	2	3
-1.4	9.825	0.963149	3.7945	3.6781	0.8748	2.6676	2.3804	2	3
-1.4	9.825	0.963473	3.7906	3.6597	0.8779	2.6636	2.3701	2	3
-1.4	9.825	0.963799	3.7865	3.6406	0.8809	2.6603	2.3603	2	3
-1.4	9.825	0.964133	3.7823	3.6206	0.8838	2.6577	2.3507	2	3
-1.4	9.825	0.96447	3.7778	3.6002	0.8868	2.655	2.3404	2	3
-1.4	9.825	0.964804	3.7736	3.58	0.8899	2.6513	2.3288	2	3
-1.4	9.825	0.965128	3.7693	3.5603	0.8927	2.6486	2.3185	2	3
-1.4	9.825	0.965447	3.7651	3.5411	0.8954	2.6465	2.3094	2	3
-1.4	9.825	0.965759	3.7612	3.5226	0.8984	2.6433	2.2997	2	3
-1.4	9.825	0.966058	3.7577	3.5046	0.9024	2.638	2.2883	2	3
-1.4	9.825	0.966333	3.7547	3.4881	0.9072	2.6297	2.2749	2	3
-1.4	9.825	0.966584	3.7522	3.4726	0.9131	2.6182	2.2592	2	3
-1.4	9.825	0.966889	3.7497	3.4529	0.9225	2.5983	2.2348	2	3
-1.4	9.825	0.967186	3.7474	3.4331	0.9334	2.5742	2.2069	2	3
-1.4	9.825	0.967474	3.7455	3.4134	0.9457	2.5464	2.1758	2	3
-1.4	9.825	0.967754	3.7439	3.3938	0.959	2.5156	2.1424	2	3
-1.4	9.825	0.96803	3.7425	3.3745	0.9726	2.4838	2.1081	2	3
-1.4	9.825	0.9683	3.7412	3.3553	0.9869	2.4499	2.0721	2	3
-1.4	9.825	0.968568	3.7401	3.336	1.0017	2.4151	2.0354	2	3
-1.4	9.825	0.968831	3.739	3.317	1.0166	2.3797	1.9981	2	3
-1.4	9.825	0.969094	3.7381	3.2982	1.0318	2.3432	1.9599	2	3
-1.4	9.825	0.969354	3.7372	3.2795	1.0471	2.3065	1.9215	2	3
-1.4	9.825	0.969612	3.7364	3.2609	1.0627	2.269	1.8826	2	3
-1.4	9.825	0.969869	3.7356	3.2423	1.0784	2.2313	1.8435	2	3
-1.4	9.825	0.970126	3.7349	3.2237	1.0941	2.1933	1.8041	2	3
-1.4	9.825	0.970381	3.7343	3.2052	1.11	2.1547	1.7644	2	3
-1.4	9.825	0.970633	3.7336	3.1867	1.1261	2.1159	1.7244	2	3
-1.4	9.825	0.970885	3.733	3.1681	1.1424	2.0767	1.6841	2	3
-1.4	9.825	0.971135	3.7324	3.1494	1.1587	2.0369	1.6432	2	3
-1.4	9.825	0.97138	3.7319	3.1305	1.1754	1.9962	1.6016	2	3
-1.4	9.825	0.971623	3.7313	3.1112	1.1924	1.955	1.5594	2	3
-1.4	9.825	0.971861	3.7306	3.0918	1.2097	1.9131	1.5166	2	3
-1.4	9.825	0.972097	3.7301	3.0723	1.227	1.8708	1.4734	2	3
-1.4	9.825	0.972331	3.7295	3.0525	1.2447	1.8278	1.4295	2	3
-1.4	9.825	0.972556	3.729	3.0321	1.2628	1.7837	1.3845	2	3
-1.4	9.825	0.972772	3.7284	3.0112	1.2816	1.738	1.3379	2	3
-1.4	9.825	0.972979	3.7278	2.9897	1.3008	1.6913	1.2902	2	3
-1.4	9.825	0.973181	3.7271	2.9676	1.3203	1.6439	1.2418	2	3
-1.4	9.825	0.973376	3.7265	2.9452	1.3401	1.5958	1.1926	2	3
-1.4	9.825	0.973566	3.7258	2.9221	1.3604	1.547	1.1425	2	3
-1.4	9.825	0.973749	3.7251	2.8991	1.3808	1.4974	1.0918	2	3
-1.4	9.825	0.973927	3.7243	2.8756	1.4014	1.4474	1.0406	2	3
-1.4	9.825	0.9741	3.7236	2.8519	1.4223	1.397	0.9889	2	3
-1.4	9.825	0.974268	3.7228	2.8278	1.4434	1.346	0.9366	2	3
-1.4	9.825	0.974431	3.7221	2.8036	1.4647	1.2946	0.8838	2	3
-1.4	9.825	0.974587	3.7213	2.7791	1.4862	1.2425	0.8306	2	3
-1.4	9.825	0.97474	3.7205	2.7543	1.5079	1.1905	0.777	2	3
-1.4	9.825	0.974768	3.7203	2.7498	1.5119	1.1807	0.767	2	3
-1.4	9.825	0.974796	3.7202	2.7451	1.5159	1.1709	0.7569	2	3
-1.4	9.825	0.974824	3.72	2.7403	1.5201	1.1612	0.7469	2	3
-1.4	9.825	0.974851	3.7198	2.7355	1.5241	1.1512	0.7367	2	3
-1.4	9.825	0.974879	3.7197	2.7307	1.5283	1.1413	0.7265	2	3
-1.4	9.825	0.974907	3.7196	2.726	1.5324	1.1313	0.7163	2	3
-1.4	9.825	0.974933	3.7194	2.7212	1.5366	1.1213	0.7059	2	3
-1.4	9.825	0.97496	3.7193	2.7164	1.5408	1.1113	0.6956	2	3
-1.4	9.825	0.974988	3.7191	2.7116	1.545	1.1012	0.6852	2	3
-1.4	9.825	0.975015	3.7189	2.7067	1.5493	1.091	0.6748	2	3
-1.4	9.825	0.975281	3.7173	2.6572	1.5924	0.9873	0.5683	2	3
-1.4	9.825	0.97553	3.7156	2.6066	1.6362	0.8823	0.4603	2	3
-1.4	9.825	0.975744	3.714	2.5595	1.677	0.785	0.36	2	3
-1.4	9.825	0.975955	3.7122	2.509	1.7206	0.6812	0.2527	2	3
-1.4	9.825	0.976144	3.7104	2.459	1.7633	0.5796	0.147	2	3
-1.4	9.825	0.976318	3.7083	2.4069	1.8074	0.4754	0.0381	2	3
-1.4	9.825	0.976479	3.7063	2.3559	1.8504	0.3742	-0.0677	2	3
-1.4	9.825	0.976628	3.7044	2.3071	1.8915	0.277	-0.1693	2	3
-1.4	9.825	0.976763	3.7026	2.2605	1.9309	0.1847	-0.2655	2	3
-1.4	9.825	0.976886	3.7008	2.2162	1.9681	0.0973	-0.3564	2	3
-1.4	9.825	0.977005	3.6992	2.1762	2.002	0.0174	-0.4395	2	3
-1.4	9.825	0.977114	3.6983	2.1494	2.0253	-0.0383	-0.4969	2	3
-1.4	9.825	0.977222	3.6967	2.1084	2.0598	-0.1189	-0.581	2	3
-1.4	9.825	0.977323	3.6947	2.0605	2.0997	-0.2111	-0.6776	2	3
-1.4	9.825	0.977418	3.6928	2.0152	2.1374	-0.2979	-0.7687	2	3
-1.4	9.825	0.977503	3.691	1.9752	2.1705	-0.3734	-0.8482	2	3
-1.4	9.825	0.977585	3.69	1.9505	2.1908	-0.4199	-0.8973	2	3
-1.4	9.825	0.977665	3.6906	1.9634	2.1806	-0.3961	-0.8722	2	3
-1.4	9.825	0.977753	3.6898	1.9405	2.2001	-0.4411	-0.9193	2	3
-1.4	9.825	0.977838	3.6871	1.8827	2.2473	-0.5478	-1.0323	2	3
-1.4	9.825	0.977914	3.6846	1.8285	2.2915	-0.6478	-1.1384	2	3
-1.4	9.825	0.977983	3.6822	1.7757	2.3346	-0.7445	-1.2413	2	3
-1.4	9.825	0.978045	3.6797	1.7231	2.3775	-0.8402	-1.3433	2	3
-1.4	9.825	0.978102	3.6773	1.6704	2.4203	-0.9358	-1.4453	2	3
-1.4	9.825	0.978152	3.6749	1.6212	2.4604	-1.0241	-1.54	2	3
-1.4	9.825	0.9782	3.6727	1.5738	2.4987	-1.1083	-1.6304	2	3
-1.4	9.825	0.978242	3.6704	1.5273	2.5362	-1.1899	-1.7183	2	3
-1.4	9.825	0.978281	3.6682	1.4819	2.573	-1.2695	-1.8042	2	3
-1.4	9.825	0.978318	3.6659	1.4367	2.609	-1.3467	-1.8881	2	3
-1.4	9.825	0.978351	3.6636	1.3921	2.6443	-1.4213	-1.9696	2	3
-1.4	9.825	0.978382	3.6613	1.3484	2.6789	-1.4937	-2.0493	2	3
-1.4	9.825	0.97841	3.6591	1.3057	2.7126	-1.5638	-2.1264	2	3
-1.4	9.825	0.978436	3.6568	1.2634	2.7458	-1.6322	-2.2022	2	3
-1.4	9.825	0.97846	3.6546	1.2225	2.778	-1.6976	-2.2751	2	3
-1.4	9.825	0.978484	3.6524	1.1821	2.8096	-1.7615	-2.3465	2	3
-1.4	9.825	0.978505	3.6502	1.142	2.8407	-1.8236	-2.4164	2	3
-1.4	9.825	0.978524	3.648	1.103	2.871	-1.8833	-2.4839	2	3
-1.4	9.825	0.978543	3.6458	1.0645	2.9007	-1.9413	-2.5497	2	3
-1.4	9.825	0.97856	3.6437	1.0267	2.9299	-1.9972	-2.6136	2	3
-1.4	9.825	0.978576	3.6415	0.9897	2.9583	-2.0512	-2.6758	2	3
-1.4	9.825	0.978591	3.6393	0.9531	2.9863	-2.1035	-2.7363	2	3
-1.4	9.825	0.978606	3.6371	0.9169	3.0137	-2.1532	-2.7947	2	3
-1.4	9.825	0.978619	3.635	0.8813	3.0405	-2.2012	-2.8514	2	3
-1.4	9.825	0.978632	3.6328	0.8463	3.0668	-2.2475	-2.9067	2	3
-1.4	9.825	0.978644	3.6307	0.812	3.0926	-2.2925	-2.9606	2	3
-1.4	9.825	0.978654	3.6286	0.7784	3.1179	-2.3362	-3.0132	2	3
-1.4	9.825	0.978665	3.6266	0.7457	3.1425	-2.3787	-3.0644	2	3
-1.4	9.825	0.978675	3.6245	0.7134	3.1668	-2.4201	-3.1147	2	3
-1.4	9.825	0.978685	3.6226	0.6821	3.1905	-2.4601	-3.1634	2	3
-1.4	9.825	0.978693	3.6208	0.6518	3.2134	-2.4987	-3.2105	2	3
-1.4	9.825	0.978701	3.619	0.6222	3.2358	-2.5356	-3.256	2	3
-1.4	9.825	0.97871	3.6173	0.5937	3.2574	-2.5708	-3.2995	2	3
-1.4	9.825	0.978756	3.6157	0.569	3.2761	-2.6015	-3.3376	2	3
-1.4	9.825	0.9788781896	3.7352	2.5278	1.749	0.566	0.16	3	4
-1.4	9.825	0.9790286317	3.7342	2.5161	1.7569	0.548	0.141	3	4
-1.4	9.825	0.9791806831	3.7338	2.5094	1.7622	0.535	0.127	3	4
-1.4	9.825	0.9791895642	3.7339	2.5093	1.7624	0.535	0.127	3	4
-1.4	9.825	0.9794165387	3.7344	2.5095	1.7646	0.528	0.121	3	4
-1.4	9.825	0.9796524539	3.7354	2.5125	1.7654	0.524	0.119	3	4
-1.4	9.825	0.9798991575	3.7363	2.5155	1.7662	0.52	0.117	3	4
-1.4	9.825	0.9801521792	3.7369	2.5171	1.7675	0.515	0.114	3	4
-1.4	9.825	0.9804136648	3.7377	2.5183	1.7692	0.509	0.109	3	4
-1.4	9.825	0.980673243	3.7382	2.5187	1.7713	0.503	0.104	3	4
-1.4	9.825	0.980929245	3.7386	2.5177	1.7739	0.496	0.097	3	4
-1.4	9.825	0.9810942903	3.7387	2.5164	1.7758	0.49	0.092	3	4
-1.4	9.825	0.9811742201	3.7387	2.5149	1.7771	0.487	0.089	3	4
-1.4	9.825	0.9813977375	3.7384	2.51	1.7811	0.478	0.079	3	4
-1.4	9.825	0.9816257253	3.7379	2.503	1.7861	0.466	0.067	3	4
-1.4	9.825	0.9818594947	3.7371	2.4933	1.7928	0.451	0.05	3	4
-1.4	9.825	0.9821026816	3.736	2.4801	1.8019	0.431	0.027	3	4
-1.4	9.825	0.9823558822	3.7345	2.4616	1.8144	0.402	-0.004	3	4
-1.4	9.825	0.9826837673	3.7317	2.4272	1.8378	0.35	-0.063	3	4
-1.4	9.825	0.9826888933	3.7316	2.4265	1.8383	0.348	-0.064	3	4
-1.4	9.825	0.9827232256	3.7313	2.4222	1.8413	0.342	-0.071	3	4
-1.4	9.825	0.9828947082	3.7296	2.3989	1.8577	0.304	-0.113	3	4
-1.4	9.825	0.983201076	3.7261	2.3527	1.8904	0.23	-0.194	3	4
-1.4	9.825	0.9832531109	3.7231	2.3146	1.9164	0.172	-0.258	3	4
-1.4	9.825	0.9832874432	3.7188	2.2478	1.966	0.06	-0.38	3	4
-1.4	9.825	0.983297576	3.7156	2.1959	2.0051	-0.029	-0.476	3	4
-1.4	9.825	0.9833045497	3.7098	2.1004	2.0775	-0.193	-0.653	3	4
-1.4	9.825	0.9833080664	3.7051	2.0159	2.1429	-0.343	-0.814	3	4
-1.4	9.825	0.9833109274	3.7014	1.9471	2.197	-0.467	-0.947	3	4
-1.4	9.825	0.9833140268	3.6984	1.8868	2.2454	-0.578	-1.065	3	4
-1.4	9.825	0.9833188548	3.6961	1.8369	2.2859	-0.669	-1.162	3	4
-1.4	9.825	0.98333918	3.6995	1.9037	2.2327	-0.55	-1.035	3	4
-1.4	9.825	0.9833486571	3.7001	1.9166	2.2223	-0.527	-1.009	3	4
-1.4	9.825	0.9834093943	3.6964	1.8426	2.2815	-0.66	-1.152	3	4
-1.4	9.825	0.9834440246	3.6918	1.7551	2.3509	-0.815	-1.319	3	4
-1.4	9.825	0.9834700122	3.6876	1.6717	2.4174	-0.963	-1.478	3	4
-1.4	9.825	0.9834959402	3.6821	1.5667	2.5002	-1.146	-1.676	3	4
-1.4	9.825	0.9835219278	3.6755	1.4482	2.5926	-1.348	-1.896	3	4
-1.4	9.825	0.9835395708	3.6712	1.3655	2.6579	-1.486	-2.048	3	4
-1.4	9.825	0.9835542932	3.6666	1.2845	2.7204	-1.614	-2.191	3	4
-1.4	9.825	0.9835654392	3.6625	1.209	2.7796	-1.737	-2.327	3	4
-1.4	9.825	0.9835747972	3.6582	1.131	2.8407	-1.864	-2.467	3	4
-1.4	9.825	0.9835828438	3.6538	1.0525	2.9013	-1.987	-2.605	3	4
-1.4	9.825	0.9835904136	3.6494	0.9758	2.9607	-2.107	-2.74	3	4
-1.4	9.825	0.9835988178	3.6447	0.891	3.0266	-2.232	-2.884	3	4
-1.4	9.825	0.9836077585	3.6387	0.7985	3.0951	-2.353	-3.027	3	4
-1.4	9.825	0.9836115732	3.6348	0.7224	3.1555	-2.469	-3.16	3	4
-1.4	9.825	0.9836124673	3.6325	0.6816	3.1871	-2.528	-3.229	3	4
-1.4	9.825	0.9836135402	3.6297	0.6366	3.2208	-2.588	-3.3	3	4
-1.4	9.825	0.9836328521	3.6334	0.8085	3.0551	-1.944	-2.774	3	4
-1.4	9.825	0.9836438193	3.5957	0.2839	3.4225	-2.783	-3.651	3	4
-1.4	9.825	0.9836448326	3.647	1.035	2.8754	-1.48	-2.33	3	4
-1.4	9.825	0.9836562767	3.6057	0.5462	3.1845	-2.253	-3.103	3	4
-1.4	9.825	0.98365729	3.6286	0.8494	2.9711	-1.72	-2.57	3	4
-1.4	9.825	0.9836676016	3.592	0.4658	3.1843	-2.15	-3.029	3	4
-1.4	9.825	0.9836685553	3.6081	0.6551	3.0555	-1.931	-2.781	3	4
-1.4	9.825	0.9836768999	3.5806	0.3445	3.2213	-2.112	-3.027	3	4
-1.4	9.825	0.9836779728	3.5895	0.4569	3.1379	-2.006	-2.893	3	4
-1.4	9.825	0.98368292	3.553	0.0165	3.3987	-2.205	-3.218	3	4
-1.4	9.825	0.9836859002	3.5767	0.2265	3.2523	-2.143	-3.07	3	4
-1.4	9.825	0.9836885824	3.6527	0.1237	3.6329	-3.374	-4.224	3	4
-1.4	9.825	0.9836891189	4.2121	2.317	3.6695	-3.466	-4.316	3	4
