# File generated by 'stitchIsochrones.py' on Thu Sep 28 15:40:11 2017.
# Content of file: isochrone tables with [Fe/H] = -0.85.
# Isochrone tables in this file have been created by
# stitching a number of different isochrones:
# 1). Lyon isochrones for M < 0.17 Msun.
# 2). Darthmouth isochrones for M >= 0.17 Msun.
# 3). Padova isochrones for stars above the tip
#     of the Red Giant Branch.
# ---------------------------------------------------
# Isochrone table age = 2.0 Gyr
# FeH	log_age	mass	log_Teff	log_g	logL	 Johnson_V	Johnson_R	 isoID	 stage
-0.85	9.3	0.1	3.48502950852	5.311	-2.98909090909	14.5872636364	12.9475454545	1	1
-0.85	9.3	0.11	3.50380737247	5.27209090909	-2.831	13.8132727273	12.3639181818	1	1
-0.85	9.3	0.13	3.52481130797	5.214	-2.61845454545	12.9219727273	11.6346181818	1	1
-0.85	9.3	0.15	3.53714154499	5.174	-2.46463636364	12.3660363636	11.1493181818	1	1
-0.85	9.3	0.179463	3.5412	5.1256	-2.3153	11.9578	10.9783	2	1
-0.85	9.3	0.226656	3.5538	5.075	-2.1132	11.3161	10.3688	2	1
-0.85	9.3	0.26389	3.5608	5.0425	-1.9869	10.9304	9.9999	2	2
-0.85	9.3	0.292041	3.5652	5.0198	-1.9021	10.6772	9.7575	2	2
-0.85	9.3	0.305444	3.5673	5.0061	-1.8609	10.5554	9.6408	2	2
-0.85	9.3	0.312689	3.5683	4.9972	-1.8375	10.4874	9.5754	2	2
-0.85	9.3	0.317471	3.569	4.9904	-1.8214	10.441	9.5308	2	2
-0.85	9.3	0.321012	3.5695	4.9847	-1.809	10.4055	9.4966	2	2
-0.85	9.3	0.324061	3.5699	4.9797	-1.7981	10.3746	9.4668	2	2
-0.85	9.3	0.327177	3.5703	4.9748	-1.7873	10.3438	9.4371	2	2
-0.85	9.3	0.331089	3.5708	4.9695	-1.7749	10.3074	9.4021	2	2
-0.85	9.3	0.336976	3.5717	4.9631	-1.7574	10.2563	9.3531	2	2
-0.85	9.3	0.360001	3.576	4.9411	-1.6907	10.0499	9.1561	2	2
-0.85	9.3	0.419522	3.5881	4.8822	-1.5148	9.5116	8.6547	2	2
-0.85	9.3	0.428379	3.5908	4.8694	-1.4828	9.41	8.5605	2	2
-0.85	9.3	0.439189	3.594	4.8555	-1.4457	9.2928	8.4524	2	2
-0.85	9.3	0.451405	3.5977	4.8399	-1.4031	9.158	8.3289	2	2
-0.85	9.3	0.464849	3.6022	4.823	-1.3556	9.0057	8.1905	2	2
-0.85	9.3	0.477706	3.6069	4.8072	-1.3089	8.855	8.0548	2	2
-0.85	9.3	0.490403	3.612	4.7925	-1.2624	8.7029	7.9191	2	2
-0.85	9.3	0.503217	3.6177	4.779	-1.215	8.5465	7.781	2	2
-0.85	9.3	0.517018	3.6246	4.7662	-1.1629	8.3721	7.6289	2	2
-0.85	9.3	0.531099	3.6324	4.7554	-1.1094	8.1857	7.4696	2	2
-0.85	9.3	0.544463	3.64	4.7466	-1.0593	8.0095	7.3199	2	2
-0.85	9.3	0.556559	3.6469	4.7395	-1.0149	7.8534	7.1879	2	2
-0.85	9.3	0.567765	3.6535	4.7336	-0.9739	7.7074	7.0652	2	2
-0.85	9.3	0.578704	3.6603	4.7287	-0.9335	7.5632	6.9449	2	2
-0.85	9.3	0.585626	3.6656	4.7264	-0.9037	7.4531	6.8548	2	2
-0.85	9.3	0.602477	3.676	4.7215	-0.8452	7.2413	6.6804	2	2
-0.85	9.3	0.629188	3.6917	4.7125	-0.7545	6.9287	6.4216	2	2
-0.85	9.3	0.667871	3.7129	4.6973	-0.6291	6.5259	6.0757	2	2
-0.85	9.3	0.736699	3.7444	4.6629	-0.4275	5.9412	5.5579	2	2
-0.85	9.3	0.783272	3.7637	4.6332	-0.2937	5.58	5.2313	2	2
-0.85	9.3	0.825216	3.7787	4.6008	-0.1783	5.2817	4.9585	2	2
-0.85	9.3	0.850209	3.7869	4.5805	-0.1119	5.1101	4.8001	2	2
-0.85	9.3	0.866743	3.7921	4.5668	-0.069	5.0008	4.6999	2	2
-0.85	9.3	0.878503	3.7956	4.5565	-0.0389	4.9241	4.6293	2	2
-0.85	9.3	0.888996	3.7986	4.547	-0.012	4.8558	4.566	2	2
-0.85	9.3	0.89984	3.8018	4.5371	0.0154	4.786	4.5011	2	2
-0.85	9.3	0.911632	3.8051	4.5266	0.0449	4.7109	4.4313	2	2
-0.85	9.3	0.924274	3.8086	4.5152	0.0764	4.6309	4.3571	2	2
-0.85	9.3	0.937145	3.8121	4.5034	0.1082	4.5501	4.2818	2	2
-0.85	9.3	0.949848	3.8156	4.4919	0.1393	4.4712	4.2084	2	2
-0.85	9.3	0.962126	3.8188	4.481	0.1688	4.3961	4.1386	2	2
-0.85	9.3	0.969632	3.8208	4.4746	0.1865	4.3509	4.0968	2	2
-0.85	9.3	0.977044	3.8228	4.4685	0.2038	4.3069	4.056	2	2
-0.85	9.3	0.984456	3.8248	4.4627	0.2209	4.2632	4.0157	2	2
-0.85	9.3	0.991897	3.8267	4.4568	0.2379	4.2197	3.9755	2	2
-0.85	9.3	0.999357	3.8288	4.4511	0.255	4.1762	3.9352	2	2
-0.85	9.3	1.006729	3.8308	4.4454	0.2719	4.1329	3.8954	2	2
-0.85	9.3	1.011108	3.8322	4.4423	0.2828	4.1051	3.8698	2	2
-0.85	9.3	1.018332	3.8342	4.4366	0.2996	4.0622	3.8302	2	2
-0.85	9.3	1.021304	3.8356	4.4346	0.309	4.038	3.8082	2	2
-0.85	9.3	1.027994	3.8375	4.4294	0.3247	3.9977	3.7712	2	2
-0.85	9.3	1.034742	3.8394	4.4241	0.3404	3.9574	3.7343	2	2
-0.85	9.3	1.041445	3.8413	4.4188	0.356	3.9175	3.698	2	2
-0.85	9.3	1.048135	3.8432	4.4137	0.3715	3.878	3.6619	2	2
-0.85	9.3	1.054782	3.8451	4.4088	0.3866	3.839	3.6263	2	2
-0.85	9.3	1.061302	3.847	4.4042	0.4015	3.8009	3.5917	2	2
-0.85	9.3	1.067462	3.8487	4.3999	0.4155	3.7648	3.5588	2	2
-0.85	9.3	1.07325	3.8505	4.396	0.4287	3.7308	3.5275	2	2
-0.85	9.3	1.078705	3.8522	4.3923	0.4413	3.6983	3.4976	2	2
-0.85	9.3	1.083939	3.8539	4.389	0.4534	3.6671	3.4689	2	2
-0.85	9.3	1.089127	3.8556	4.3858	0.4653	3.6362	3.4407	2	2
-0.85	9.3	1.09456	3.8573	4.3827	0.4776	3.6045	3.4117	2	2
-0.85	9.3	1.101144	3.8593	4.3791	0.4919	3.5676	3.3781	2	2
-0.85	9.3	1.131812	3.8663	4.3555	0.5551	3.4055	3.2289	2	2
-0.85	9.3	1.136545	3.868	4.3529	0.5659	3.3778	3.2042	2	2
-0.85	9.3	1.142047	3.8697	4.3503	0.5777	3.3474	3.1773	2	2
-0.85	9.3	1.168279	3.8746	4.3294	0.6275	3.2197	3.0586	2	2
-0.85	9.3	1.179827	3.877	4.3196	0.6505	3.1605	3.0039	2	2
-0.85	9.3	1.189367	3.8789	4.3112	0.6699	3.1112	2.9582	2	2
-0.85	9.3	1.197762	3.8805	4.3033	0.6872	3.0666	2.9165	2	2
-0.85	9.3	1.205043	3.882	4.2965	0.7024	3.0278	2.88	2	2
-0.85	9.3	1.210365	3.8833	4.2923	0.7137	2.9986	2.853	2	2
-0.85	9.3	1.215447	3.8846	4.2883	0.7244	2.9711	2.8273	2	2
-0.85	9.3	1.220254	3.8857	4.2846	0.7346	2.945	2.803	2	2
-0.85	9.3	1.224772	3.8868	4.2809	0.7442	2.9204	2.78	2	2
-0.85	9.3	1.229059	3.8878	4.2774	0.7533	2.897	2.7584	2	2
-0.85	9.3	1.233143	3.8887	4.2739	0.7621	2.8746	2.7376	2	2
-0.85	9.3	1.237064	3.8897	4.2703	0.7706	2.8532	2.7177	2	2
-0.85	9.3	1.240849	3.8904	4.2668	0.7787	2.8324	2.6984	2	2
-0.85	9.3	1.244525	3.8911	4.2632	0.7866	2.8122	2.6795	2	2
-0.85	9.3	1.248111	3.8919	4.2595	0.7943	2.7926	2.6612	2	2
-0.85	9.3	1.251627	3.8925	4.2558	0.8019	2.7734	2.6432	2	2
-0.85	9.3	1.255103	3.8931	4.2519	0.8093	2.7546	2.6254	2	2
-0.85	9.3	1.258538	3.8936	4.2478	0.8166	2.736	2.6079	2	3
-0.85	9.3	1.261966	3.8941	4.2437	0.8239	2.7177	2.5905	2	3
-0.85	9.3	1.265379	3.8946	4.2395	0.8311	2.6995	2.5733	2	3
-0.85	9.3	1.268733	3.8949	4.2351	0.8382	2.6817	2.5561	2	3
-0.85	9.3	1.272045	3.8953	4.2306	0.8451	2.6641	2.5393	2	3
-0.85	9.3	1.275294	3.8955	4.226	0.8519	2.6469	2.5227	2	3
-0.85	9.3	1.278481	3.8958	4.2213	0.8586	2.63	2.5063	2	3
-0.85	9.3	1.281606	3.896	4.2166	0.8652	2.6134	2.4901	2	3
-0.85	9.3	1.284669	3.8961	4.2119	0.8717	2.597	2.4742	2	3
-0.85	9.3	1.287683	3.8963	4.2071	0.8782	2.5808	2.4585	2	3
-0.85	9.3	1.290658	3.8965	4.2024	0.8846	2.5648	2.4429	2	3
-0.85	9.3	1.293583	3.8967	4.1979	0.891	2.5488	2.4274	2	3
-0.85	9.3	1.296447	3.897	4.1936	0.8973	2.5327	2.412	2	3
-0.85	9.3	1.299187	3.8975	4.1901	0.9037	2.5167	2.3968	2	3
-0.85	9.3	1.301761	3.8981	4.1872	0.91	2.5009	2.3822	2	3
-0.85	9.3	1.304166	3.8989	4.1853	0.9161	2.4854	2.3682	2	3
-0.85	9.3	1.306429	3.9	4.1839	0.9221	2.4703	2.3549	2	3
-0.85	9.3	1.308579	3.901	4.1832	0.9279	2.4556	2.342	2	3
-0.85	9.3	1.310893	3.9019	4.1816	0.9336	2.4416	2.3296	2	3
-0.85	9.3	1.313244	3.9028	4.1801	0.9394	2.4274	2.3168	2	3
-0.85	9.3	1.315627	3.9037	4.1786	0.9454	2.4129	2.3039	2	3
-0.85	9.3	1.318033	3.9045	4.1769	0.9515	2.3982	2.2907	2	3
-0.85	9.3	1.320457	3.9055	4.1752	0.9577	2.3832	2.2775	2	3
-0.85	9.3	1.322892	3.9064	4.1734	0.9641	2.3683	2.264	2	3
-0.85	9.3	1.325335	3.9073	4.1715	0.9705	2.353	2.2504	2	3
-0.85	9.3	1.327776	3.9082	4.1696	0.977	2.3376	2.2367	2	3
-0.85	9.3	1.330214	3.9091	4.1677	0.9835	2.3222	2.2229	2	3
-0.85	9.3	1.332641	3.9101	4.1657	0.9902	2.3065	2.2088	2	3
-0.85	9.3	1.335054	3.911	4.1636	0.9968	2.2909	2.1948	2	3
-0.85	9.3	1.33745	3.9121	4.1616	1.0034	2.275	2.1806	2	3
-0.85	9.3	1.33982	3.913	4.1596	1.0102	2.2591	2.1663	2	3
-0.85	9.3	1.342168	3.914	4.1575	1.017	2.243	2.1519	2	3
-0.85	9.3	1.344486	3.915	4.1555	1.0238	2.2268	2.1374	2	3
-0.85	9.3	1.346772	3.916	4.1535	1.0306	2.2104	2.1228	2	3
-0.85	9.3	1.349023	3.917	4.1515	1.0374	2.194	2.1081	2	3
-0.85	9.3	1.351204	3.9181	4.1496	1.0443	2.1775	2.0935	2	3
-0.85	9.3	1.353316	3.9191	4.1477	1.0511	2.161	2.0788	2	3
-0.85	9.3	1.355374	3.9202	4.1457	1.058	2.1443	2.0638	2	3
-0.85	9.3	1.357397	3.9212	4.1436	1.0649	2.1274	2.0488	2	3
-0.85	9.3	1.359394	3.9223	4.1416	1.0719	2.1103	2.0336	2	3
-0.85	9.3	1.361376	3.9234	4.1393	1.079	2.0931	2.0181	2	3
-0.85	9.3	1.363347	3.9244	4.1369	1.0861	2.0754	2.0023	2	3
-0.85	9.3	1.365307	3.9254	4.1342	1.0934	2.0576	1.9863	2	3
-0.85	9.3	1.367259	3.9263	4.1313	1.1006	2.0397	1.97	2	3
-0.85	9.3	1.369197	3.9271	4.1281	1.108	2.0215	1.9534	2	3
-0.85	9.3	1.371119	3.928	4.1245	1.1154	2.0031	1.9365	2	3
-0.85	9.3	1.373021	3.9286	4.1206	1.1228	1.9845	1.9193	2	3
-0.85	9.3	1.374901	3.9294	4.1165	1.1303	1.9658	1.902	2	3
-0.85	9.3	1.376755	3.9299	4.112	1.1374	1.9479	1.8851	2	3
-0.85	9.3	1.378579	3.9297	4.107	1.142	1.9359	1.8729	2	3
-0.85	9.3	1.380347	3.9288	4.1009	1.1455	1.9265	1.8623	2	3
-0.85	9.3	1.382069	3.928	4.0944	1.1491	1.9169	1.8515	2	3
-0.85	9.3	1.383741	3.9269	4.0871	1.1527	1.907	1.84	2	3
-0.85	9.3	1.385365	3.9257	4.0785	1.157	1.8954	1.8266	2	3
-0.85	9.3	1.386943	3.9239	4.0669	1.1618	1.882	1.8104	2	3
-0.85	9.3	1.388468	3.9222	4.0536	1.1691	1.8626	1.7886	2	3
-0.85	9.3	1.389934	3.921	4.0418	1.1764	1.8428	1.7672	2	3
-0.85	9.3	1.39134	3.9197	4.0299	1.1835	1.8234	1.746	2	3
-0.85	9.3	1.39269	3.9182	4.0174	1.1904	1.8046	1.7252	2	3
-0.85	9.3	1.393985	3.9166	4.005	1.1967	1.7871	1.7054	2	3
-0.85	9.3	1.395229	3.9148	3.9925	1.2024	1.7714	1.687	2	3
-0.85	9.3	1.396423	3.9129	3.9802	1.2075	1.7567	1.6696	2	3
-0.85	9.3	1.39757	3.911	3.9684	1.2123	1.743	1.6533	2	3
-0.85	9.3	1.398665	3.9093	3.9572	1.2168	1.73	1.6378	2	3
-0.85	9.3	1.39971	3.9075	3.9463	1.221	1.7173	1.6226	2	3
-0.85	9.3	1.40071	3.9057	3.9355	1.2251	1.7049	1.6078	2	3
-0.85	9.3	1.401666	3.9039	3.9244	1.229	1.6931	1.5934	2	3
-0.85	9.3	1.402577	3.902	3.9134	1.2329	1.6819	1.5793	2	3
-0.85	9.3	1.403592	3.8991	3.8978	1.2371	1.6706	1.5633	2	3
-0.85	9.3	1.404613	3.896	3.8813	1.2412	1.6595	1.5471	2	3
-0.85	9.3	1.405637	3.8926	3.8638	1.2455	1.649	1.5308	2	3
-0.85	9.3	1.406666	3.8888	3.8452	1.2495	1.6389	1.5143	2	3
-0.85	9.3	1.407694	3.8847	3.8254	1.2534	1.6293	1.4977	2	3
-0.85	9.3	1.408719	3.8803	3.8043	1.2571	1.6203	1.4811	2	3
-0.85	9.3	1.409734	3.8754	3.7817	1.2604	1.6123	1.4649	2	3
-0.85	9.3	1.41073	3.87	3.7576	1.2632	1.6062	1.4496	2	3
-0.85	9.3	1.411695	3.8641	3.7319	1.2653	1.6025	1.4357	2	3
-0.85	9.3	1.412615	3.8575	3.7046	1.2666	1.6018	1.4236	2	3
-0.85	9.3	1.413478	3.8504	3.676	1.267	1.6045	1.4138	2	3
-0.85	9.3	1.414273	3.8427	3.6464	1.2666	1.6103	1.4066	2	3
-0.85	9.3	1.414998	3.8347	3.6157	1.2652	1.619	1.4013	2	3
-0.85	9.3	1.415655	3.8264	3.5846	1.263	1.631	1.3986	2	3
-0.85	9.3	1.416259	3.8178	3.5534	1.2601	1.6456	1.3984	2	3
-0.85	9.3	1.416842	3.8092	3.5229	1.2564	1.6627	1.4008	2	3
-0.85	9.3	1.417428	3.8008	3.494	1.2518	1.6822	1.406	2	3
-0.85	9.3	1.418042	3.7927	3.4682	1.2457	1.7056	1.4157	2	3
-0.85	9.3	1.418635	3.7855	3.4469	1.2379	1.7328	1.4307	2	3
-0.85	9.3	1.419175	3.7791	3.4312	1.2283	1.7637	1.4508	2	3
-0.85	9.3	1.419747	3.7726	3.4186	1.215	1.8066	1.4832	2	3
-0.85	9.3	1.420303	3.7665	3.4084	1.2012	1.8496	1.515	2	3
-0.85	9.3	1.42084	3.7611	3.3986	1.1895	1.8855	1.5403	2	3
-0.85	9.3	1.421344	3.7564	3.3894	1.1804	1.9144	1.5606	2	3
-0.85	9.3	1.421831	3.7524	3.38	1.1737	1.9376	1.5768	2	3
-0.85	9.3	1.422337	3.7487	3.3727	1.1662	1.9624	1.5949	2	3
-0.85	9.3	1.422908	3.745	3.3622	1.1622	1.9783	1.6044	2	3
-0.85	9.3	1.423571	3.7415	3.3476	1.163	1.9821	1.6021	2	3
-0.85	9.3	1.424272	3.7386	3.3294	1.1701	1.9699	1.5848	2	3
-0.85	9.3	1.424939	3.7365	3.3102	1.1809	1.947	1.5581	2	3
-0.85	9.3	1.425565	3.7349	3.2898	1.1949	1.9151	1.5234	2	3
-0.85	9.3	1.426159	3.7335	3.2702	1.2095	1.8816	1.4876	2	3
-0.85	9.3	1.426733	3.7324	3.2508	1.2246	1.8465	1.4504	2	3
-0.85	9.3	1.427289	3.7314	3.2317	1.2397	1.8109	1.4129	2	3
-0.85	9.3	1.427833	3.7305	3.2129	1.2551	1.7747	1.375	2	3
-0.85	9.3	1.428366	3.7297	3.1943	1.2704	1.7384	1.337	2	3
-0.85	9.3	1.428893	3.7289	3.1758	1.2859	1.702	1.299	2	3
-0.85	9.3	1.429417	3.728	3.1575	1.3012	1.6652	1.2608	2	3
-0.85	9.3	1.429933	3.7273	3.1388	1.3168	1.6283	1.2223	2	3
-0.85	9.3	1.430446	3.7265	3.1204	1.3325	1.591	1.1836	2	3
-0.85	9.3	1.430954	3.7258	3.1019	1.3483	1.5534	1.1447	2	3
-0.85	9.3	1.431457	3.7251	3.0834	1.364	1.5157	1.1057	2	3
-0.85	9.3	1.431955	3.7244	3.0648	1.3799	1.4778	1.0664	2	3
-0.85	9.3	1.432449	3.7237	3.0462	1.396	1.4397	1.0271	2	3
-0.85	9.3	1.432937	3.723	3.0276	1.412	1.4013	0.9874	2	3
-0.85	9.3	1.433421	3.7223	3.0088	1.4283	1.3626	0.9475	2	3
-0.85	9.3	1.4339	3.7217	2.9901	1.4446	1.3236	0.9073	2	3
-0.85	9.3	1.434373	3.721	2.9711	1.461	1.2843	0.8668	2	3
-0.85	9.3	1.434842	3.7205	2.9523	1.4775	1.2448	0.8262	2	3
-0.85	9.3	1.435307	3.7197	2.9329	1.4941	1.2055	0.7855	2	3
-0.85	9.3	1.435764	3.7189	2.9134	1.5108	1.1659	0.7446	2	3
-0.85	9.3	1.436219	3.7182	2.894	1.5275	1.1261	0.7034	2	3
-0.85	9.3	1.436664	3.7176	2.8743	1.5444	1.0859	0.662	2	3
-0.85	9.3	1.437101	3.7168	2.8545	1.5615	1.0455	0.6203	2	3
-0.85	9.3	1.437535	3.716	2.8346	1.5785	1.005	0.5785	2	3
-0.85	9.3	1.437641	3.7159	2.8298	1.5826	0.9952	0.5683	2	3
-0.85	9.3	1.437745	3.7157	2.825	1.5868	0.9853	0.5581	2	3
-0.85	9.3	1.43785	3.7155	2.8201	1.591	0.9754	0.5479	2	3
-0.85	9.3	1.437953	3.7153	2.8152	1.5952	0.9654	0.5376	2	3
-0.85	9.3	1.438058	3.7152	2.8103	1.5994	0.9555	0.5273	2	3
-0.85	9.3	1.438162	3.715	2.8053	1.6037	0.9455	0.517	2	3
-0.85	9.3	1.438265	3.7148	2.8004	1.6078	0.9356	0.5067	2	3
-0.85	9.3	1.438368	3.7146	2.7954	1.6121	0.9255	0.4963	2	3
-0.85	9.3	1.438471	3.7144	2.7905	1.6163	0.9155	0.486	2	3
-0.85	9.3	1.438574	3.7142	2.7854	1.6206	0.9054	0.4756	2	3
-0.85	9.3	1.439529	3.7124	2.7375	1.6615	0.8088	0.3754	2	3
-0.85	9.3	1.440479	3.7104	2.6872	1.7043	0.708	0.2708	2	3
-0.85	9.3	1.441328	3.7085	2.6397	1.7445	0.6136	0.1725	2	3
-0.85	9.3	1.442132	3.7066	2.5922	1.7845	0.5196	0.0745	2	3
-0.85	9.3	1.442876	3.7046	2.5451	1.8239	0.4277	-0.0216	2	3
-0.85	9.3	1.44357	3.7026	2.4982	1.8629	0.3368	-0.1167	2	3
-0.85	9.3	1.444218	3.7005	2.4504	1.9024	0.2462	-0.2116	2	3
-0.85	9.3	1.444821	3.6982	2.4017	1.9423	0.1555	-0.3066	2	3
-0.85	9.3	1.445373	3.6959	2.3528	1.9823	0.0653	-0.4014	2	3
-0.85	9.3	1.44589	3.6938	2.3074	2.0193	-0.0181	-0.4891	2	3
-0.85	9.3	1.446378	3.6924	2.2778	2.0437	-0.0744	-0.5481	2	3
-0.85	9.3	1.446853	3.6915	2.2579	2.0601	-0.1136	-0.5893	2	3
-0.85	9.3	1.447346	3.69	2.2228	2.0889	-0.1798	-0.6596	2	3
-0.85	9.3	1.447817	3.6873	2.1685	2.1326	-0.2777	-0.7641	2	3
-0.85	9.3	1.448251	3.6847	2.1173	2.1736	-0.3691	-0.8616	2	3
-0.85	9.3	1.448647	3.6826	2.0752	2.2074	-0.4438	-0.9413	2	3
-0.85	9.3	1.449017	3.6819	2.0588	2.2209	-0.4733	-0.9729	2	3
-0.85	9.3	1.449398	3.6835	2.0924	2.1942	-0.4127	-0.9086	2	3
-0.85	9.3	1.449813	3.6814	2.0487	2.2295	-0.4908	-0.992	2	3
-0.85	9.3	1.450198	3.6784	1.9906	2.2757	-0.5924	-1.1009	2	3
-0.85	9.3	1.450546	3.6755	1.9346	2.3201	-0.6887	-1.2045	2	3
-0.85	9.3	1.450861	3.6725	1.88	2.363	-0.7813	-1.3045	2	3
-0.85	9.3	1.451148	3.6697	1.8263	2.4053	-0.8718	-1.4026	2	3
-0.85	9.3	1.45141	3.6667	1.7717	2.4482	-0.963	-1.5018	2	3
-0.85	9.3	1.451643	3.6637	1.7155	2.4924	-1.0568	-1.604	2	3
-0.85	9.3	1.451858	3.6609	1.6652	2.5317	-1.1389	-1.694	2	3
-0.85	9.3	1.452052	3.6583	1.618	2.5686	-1.2152	-1.778	2	3
-0.85	9.3	1.452231	3.6558	1.5718	2.6047	-1.2892	-1.8596	2	3
-0.85	9.3	1.452396	3.6532	1.5262	2.6401	-1.3611	-1.9394	2	3
-0.85	9.3	1.452549	3.6507	1.4815	2.6748	-1.4311	-2.0173	2	3
-0.85	9.3	1.45269	3.6482	1.4376	2.7087	-1.4985	-2.0927	2	3
-0.85	9.3	1.452821	3.6457	1.3944	2.7418	-1.5634	-2.1658	2	3
-0.85	9.3	1.452942	3.6432	1.3524	2.774	-1.6259	-2.2364	2	3
-0.85	9.3	1.453055	3.6408	1.311	2.8057	-1.6865	-2.3053	2	3
-0.85	9.3	1.453161	3.6383	1.2701	2.8368	-1.7454	-2.3726	2	3
-0.85	9.3	1.453258	3.6359	1.2302	2.8671	-1.8023	-2.4378	2	3
-0.85	9.3	1.45335	3.6336	1.1911	2.8968	-1.8572	-2.5011	2	3
-0.85	9.3	1.453436	3.6312	1.1528	2.9258	-1.9102	-2.5625	2	3
-0.85	9.3	1.453516	3.6289	1.1152	2.9541	-1.9615	-2.6222	2	3
-0.85	9.3	1.453592	3.6266	1.0783	2.982	-2.0112	-2.6803	2	3
-0.85	9.3	1.453662	3.6244	1.042	3.0093	-2.0593	-2.7369	2	3
-0.85	9.3	1.453729	3.6221	1.0064	3.036	-2.1058	-2.7919	2	3
-0.85	9.3	1.453791	3.62	0.9713	3.0623	-2.151	-2.8455	2	3
-0.85	9.3	1.453851	3.6177	0.937	3.0878	-2.1943	-2.8973	2	3
-0.85	9.3	1.453906	3.6156	0.9033	3.1129	-2.2358	-2.9473	2	3
-0.85	9.3	1.453959	3.6134	0.8702	3.1374	-2.2762	-2.9959	2	3
-0.85	9.3	1.454009	3.6113	0.8377	3.1615	-2.315	-3.043	2	3
-0.85	9.3	1.454055	3.6093	0.8061	3.1849	-2.3525	-3.0884	2	3
-0.85	9.3	1.454101	3.6072	0.775	3.2078	-2.3886	-3.1325	2	3
-0.85	9.3	1.454143	3.6053	0.7448	3.2302	-2.4235	-3.1751	2	3
-0.85	9.3	1.454183	3.6034	0.7154	3.2519	-2.4567	-3.2159	2	3
-0.85	9.3	1.455078381	3.7166	2.5974	1.8066	0.448	-0.002	3	4
-0.85	9.3	1.4561715301	3.7158	2.5845	1.8166	0.426	-0.026	3	4
-0.85	9.3	1.4573793587	3.7162	2.5839	1.8194	0.417	-0.034	3	4
-0.85	9.3	1.4586854156	3.7167	2.5832	1.8224	0.408	-0.042	3	4
-0.85	9.3	1.4600380834	3.7171	2.5817	1.8261	0.398	-0.052	3	4
-0.85	9.3	1.4614350971	3.7176	2.5799	1.8303	0.386	-0.063	3	4
-0.85	9.3	1.4628751453	3.718	2.5777	1.8348	0.373	-0.074	3	4
-0.85	9.3	1.4643430885	3.7184	2.5751	1.8395	0.36	-0.086	3	4
-0.85	9.3	1.4657977995	3.7188	2.5723	1.8442	0.347	-0.099	3	4
-0.85	9.3	1.4672402319	3.719	2.5689	1.8491	0.334	-0.111	3	4
-0.85	9.3	1.4686886248	3.7192	2.565	1.8542	0.321	-0.124	3	4
-0.85	9.3	1.4701060232	3.7193	2.5609	1.8592	0.308	-0.137	3	4
-0.85	9.3	1.4702911552	3.7193	2.5604	1.8599	0.306	-0.138	3	4
-0.85	9.3	1.4716366705	3.7193	2.5556	1.8649	0.294	-0.151	3	4
-0.85	9.3	1.4732333597	3.7191	2.549	1.8713	0.278	-0.167	3	4
-0.85	9.3	1.4748997864	3.7187	2.5405	1.8789	0.26	-0.186	3	4
-0.85	9.3	1.4765168604	3.7179	2.5288	1.8879	0.24	-0.207	3	4
-0.85	9.3	1.4784040626	3.7165	2.5102	1.9015	0.21	-0.24	3	4
-0.85	9.3	1.479506987	3.7153	2.4955	1.9118	0.188	-0.265	3	4
-0.85	9.3	1.4804344353	3.7139	2.4781	1.924	0.162	-0.294	3	4
-0.85	9.3	1.4833686527	3.7084	2.3986	1.9828	0.032	-0.436	3	4
-0.85	9.3	1.4835936006	3.7059	2.3637	2.0076	-0.023	-0.496	3	4
-0.85	9.3	1.4837651428	3.702	2.3031	2.0524	-0.123	-0.605	3	4
-0.85	9.3	1.4838167604	3.6993	2.2561	2.0887	-0.204	-0.693	3	4
-0.85	9.3	1.4838564571	3.6942	2.1695	2.1547	-0.348	-0.848	3	4
-0.85	9.3	1.4838770803	3.6895	2.0882	2.2176	-0.486	-0.997	3	4
-0.85	9.3	1.4839000877	3.6845	1.9995	2.2864	-0.636	-1.16	3	4
-0.85	9.3	1.4839414533	3.6803	1.9223	2.3468	-0.769	-1.303	3	4
-0.85	9.3	1.4841505464	3.685	2.0071	2.2806	-0.624	-1.146	3	4
-0.85	9.3	1.4845384535	3.6803	1.923	2.3462	-0.768	-1.302	3	4
-0.85	9.3	1.4847231087	3.6756	1.8386	2.4119	-0.912	-1.457	3	4
-0.85	9.3	1.484883922	3.6705	1.7413	2.4886	-1.075	-1.634	3	4
-0.85	9.3	1.4849755939	3.6659	1.6646	2.5472	-1.195	-1.767	3	4
-0.85	9.3	1.4850673851	3.6617	1.5883	2.6068	-1.32	-1.903	3	4
-0.85	9.3	1.4851594147	3.6583	1.5187	2.6627	-1.44	-2.032	3	4
-0.85	9.3	1.4852637228	3.653	1.4289	2.7314	-1.581	-2.187	3	4
-0.85	9.3	1.485353845	3.6468	1.3264	2.8092	-1.733	-2.359	3	4
-0.85	9.3	1.4854325231	3.6406	1.2115	2.8993	-1.911	-2.557	3	4
-0.85	9.3	1.4854784187	3.6351	1.1216	2.9672	-2.038	-2.702	3	4
-0.85	9.3	1.4855203804	3.6295	1.0291	3.0371	-2.17	-2.851	3	4
-0.85	9.3	1.485558885	3.624	0.9408	3.1036	-2.291	-2.992	3	4
-0.85	9.3	1.4855981048	3.6188	0.8573	3.1663	-2.394	-3.118	3	4
-0.85	9.3	1.4856372055	3.6111	0.7371	3.2556	-2.538	-3.296	3	4
-0.85	9.3	1.4856434044	3.6052	0.6515	3.3177	-2.633	-3.416	3	4
-0.85	9.3	1.4856455501	3.6045	0.6387	3.3274	-2.65	-3.436	3	4
-0.85	9.3	1.4856457886	3.6259	0.9905	3.0615	-2.203	-2.896	3	4
-0.85	9.3	1.4857824024	3.6225	0.9638	3.0696	-2.001	-2.807	3	4
-0.85	9.3	1.4858404573	3.6118	0.8477	3.1384	-2.169	-2.983	3	4
-0.85	9.3	1.4858964857	3.5997	0.7313	3.2009	-2.29	-3.122	3	4
-0.85	9.3	1.4859444078	3.5822	0.5603	3.2948	-2.338	-3.225	3	4
-0.85	9.3	1.4859483417	3.587	0.6201	3.2536	-2.284	-3.159	3	4
-0.85	9.3	1.4860086616	3.5502	0.2487	3.4645	-2.355	-3.362	3	4
-0.85	9.3	1.4860136684	3.5571	0.3281	3.411	-2.313	-3.293	3	4
-0.85	9.3	1.4860658821	3.5259	0.0189	3.5768	-2.302	-3.414	3	4
-0.85	9.3	1.4860707697	3.5299	0.0678	3.5409	-2.261	-3.358	3	4
-0.85	9.3	1.4861177381	3.5198	0.0237	3.5135	-2.069	-3.202	3	4
-0.85	9.3	1.4861208376	3.5247	0.0704	3.4828	-2.052	-3.168	3	4
-0.85	9.3	1.4861614879	3.485	-0.2977	3.6366	-1.96	-3.244	3	4
-0.85	9.3	1.4861645874	3.4898	-0.2544	3.6054	-1.934	-3.199	3	4
-0.85	9.3	1.4861896213	3.4493	-0.645	3.771	-1.888	-3.324	3	4
-0.85	9.3	1.4862020191	3.4634	-0.5853	3.7137	-1.838	-3.233	3	4
-0.85	9.3	1.4862106022	3.505	-0.4653	3.7136	-2.339	-3.567	3	4
-0.85	9.3	1.4862182316	3.5813	-0.2641	3.7991	-3.58	-4.48	3	4
