# File generated by 'stitchIsochrones.py' on Thu Sep 28 15:40:16 2017.
# Content of file: isochrone tables with [Fe/H] = -0.45.
# Isochrone tables in this file have been created by
# stitching a number of different isochrones:
# 1). Lyon isochrones for M < 0.17 Msun.
# 2). Darthmouth isochrones for M >= 0.17 Msun.
# 3). Padova isochrones for stars above the tip
#     of the Red Giant Branch.
# ---------------------------------------------------
# Isochrone table age = 2.11 Gyr
# FeH	log_age	mass	log_Teff	log_g	logL	 Johnson_V	Johnson_R	 isoID	 stage
-0.45	9.325	0.1	3.46661443701	5.286	-3.03727272728	15.2640181818	13.4478181819	1	1
-0.45	9.325	0.11	3.48501102239	5.25027272728	-2.885	14.4363363637	12.8286909091	1	1
-0.45	9.325	0.13	3.5056622351	5.197	-2.676	13.4824090909	12.0623727273	1	1
-0.45	9.325	0.15	3.51797277571	5.157	-2.526	12.8849545455	11.5556636363	1	1
-0.45	9.325	0.186133	3.5275	5.1035	-2.333	12.2369	11.225	2	1
-0.45	9.325	0.238565	3.5382	5.0487	-2.1275	11.5861	10.6078	2	1
-0.45	9.325	0.278255	3.5452	5.0167	-2.0003	11.1867	10.2273	2	2
-0.45	9.325	0.298288	3.5484	5.0001	-1.9405	11.0015	10.0499	2	2
-0.45	9.325	0.308436	3.55	4.9889	-1.9085	10.9048	9.9568	2	2
-0.45	9.325	0.314608	3.5509	4.9808	-1.888	10.8437	9.8979	2	2
-0.45	9.325	0.318775	3.5515	4.9741	-1.8734	10.8015	9.8568	2	2
-0.45	9.325	0.321779	3.5519	4.969	-1.8624	10.7694	9.8258	2	2
-0.45	9.325	0.324499	3.5523	4.9643	-1.8526	10.7408	9.7981	2	2
-0.45	9.325	0.327231	3.5527	4.96	-1.8428	10.7126	9.7707	2	2
-0.45	9.325	0.330651	3.5532	4.9552	-1.8316	10.6793	9.7384	2	2
-0.45	9.325	0.336173	3.5539	4.9491	-1.8149	10.6298	9.6904	2	2
-0.45	9.325	0.380526	3.5622	4.909	-1.6899	10.2353	9.3148	2	2
-0.45	9.325	0.417653	3.57	4.8726	-1.581	9.8881	8.9843	2	2
-0.45	9.325	0.436429	3.5743	4.8527	-1.5246	9.7064	8.8124	2	2
-0.45	9.325	0.449262	3.5776	4.8374	-1.4832	9.5714	8.6851	2	2
-0.45	9.325	0.462799	3.5814	4.8214	-1.4389	9.4263	8.5488	2	2
-0.45	9.325	0.475679	3.5854	4.8062	-1.3961	9.2845	8.4162	2	2
-0.45	9.325	0.487754	3.5894	4.7922	-1.3553	9.1493	8.2902	2	2
-0.45	9.325	0.499301	3.5933	4.7792	-1.3161	9.0193	8.1699	2	2
-0.45	9.325	0.510104	3.5973	4.7678	-1.2794	8.8967	8.0572	2	2
-0.45	9.325	0.519829	3.6011	4.7578	-1.2462	8.7849	7.9546	2	2
-0.45	9.325	0.529112	3.6049	4.7487	-1.2142	8.6768	7.8559	2	2
-0.45	9.325	0.5391	3.6092	4.7394	-1.1798	8.5607	7.7507	2	2
-0.45	9.325	0.548408	3.6135	4.7301	-1.1451	8.4476	7.6491	2	2
-0.45	9.325	0.563471	3.621	4.7184	-1.0911	8.2614	7.484	2	2
-0.45	9.325	0.585824	3.6327	4.7052	-1.0141	7.9826	7.2412	2	2
-0.45	9.325	0.620195	3.6504	4.6898	-0.9055	7.5854	6.9044	2	2
-0.45	9.325	0.649591	3.6662	4.679	-0.8121	7.2419	6.6191	2	2
-0.45	9.325	0.675981	3.6812	4.6704	-0.726	6.9285	6.3619	2	2
-0.45	9.325	0.714036	3.7013	4.6563	-0.6076	6.5221	6.0231	2	2
-0.45	9.325	0.797161	3.7377	4.6156	-0.3734	5.8176	5.4083	2	2
-0.45	9.325	0.848607	3.7586	4.5867	-0.2326	5.4126	5.0495	2	2
-0.45	9.325	0.871389	3.7661	4.571	-0.175	5.2572	4.9082	2	2
-0.45	9.325	0.886478	3.7709	4.5591	-0.137	5.1566	4.8162	2	2
-0.45	9.325	0.899458	3.7747	4.5484	-0.1044	5.0712	4.7377	2	2
-0.45	9.325	0.911505	3.7781	4.538	-0.0744	4.993	4.6656	2	2
-0.45	9.325	0.923326	3.7815	4.5277	-0.0452	4.9173	4.5958	2	2
-0.45	9.325	0.935093	3.7847	4.5173	-0.0164	4.8428	4.5269	2	2
-0.45	9.325	0.945941	3.7877	4.5076	0.0105	4.7743	4.4634	2	2
-0.45	9.325	0.957987	3.791	4.4969	0.0397	4.6992	4.3939	2	2
-0.45	9.325	0.967465	3.7938	4.4881	0.064	4.6373	4.3364	2	2
-0.45	9.325	0.979683	3.7971	4.4771	0.0939	4.5607	4.2655	2	2
-0.45	9.325	0.989225	3.7999	4.4683	0.1185	4.4981	4.2076	2	2
-0.45	9.325	0.996179	3.8017	4.4618	0.1351	4.4559	4.1683	2	2
-0.45	9.325	1.002948	3.8033	4.4553	0.1511	4.4149	4.1302	2	2
-0.45	9.325	1.009539	3.8049	4.4489	0.1667	4.3752	4.093	2	2
-0.45	9.325	1.016017	3.8064	4.4426	0.1821	4.3362	4.0567	2	2
-0.45	9.325	1.022396	3.8079	4.4363	0.1971	4.298	4.0209	2	2
-0.45	9.325	1.028844	3.8094	4.4299	0.2122	4.2597	3.985	2	2
-0.45	9.325	1.041042	3.812	4.4183	0.2386	4.1915	3.9211	2	2
-0.45	9.325	1.047282	3.8134	4.4119	0.2532	4.1546	3.8865	2	2
-0.45	9.325	1.061634	3.8157	4.3984	0.2815	4.0825	3.8186	2	2
-0.45	9.325	1.068504	3.8171	4.3912	0.2968	4.0434	3.7818	2	2
-0.45	9.325	1.075185	3.8184	4.3844	0.3118	4.0055	3.7461	2	2
-0.45	9.325	1.082106	3.8199	4.3776	0.327	3.9666	3.7096	2	2
-0.45	9.325	1.093096	3.822	4.3668	0.3505	3.9064	3.6531	2	2
-0.45	9.325	1.099659	3.8233	4.3603	0.3649	3.8698	3.6188	2	2
-0.45	9.325	1.110809	3.8251	4.3495	0.3872	3.813	3.5653	2	2
-0.45	9.325	1.117754	3.8264	4.3427	0.4018	3.7757	3.5303	2	2
-0.45	9.325	1.123935	3.8276	4.3366	0.415	3.7421	3.4988	2	2
-0.45	9.325	1.129717	3.8287	4.3308	0.4274	3.7107	3.4692	2	2
-0.45	9.325	1.13528	3.8298	4.3254	0.4392	3.6805	3.4409	2	2
-0.45	9.325	1.140845	3.8309	4.3201	0.4509	3.6504	3.4128	2	2
-0.45	9.325	1.146823	3.8321	4.3148	0.4634	3.6188	3.3831	2	2
-0.45	9.325	1.154533	3.8337	4.3088	0.4787	3.5795	3.3467	2	2
-0.45	9.325	1.202514	3.8436	4.2689	0.5759	3.3306	3.1157	2	2
-0.45	9.325	1.20676	3.8444	4.2642	0.5848	3.308	3.0944	2	2
-0.45	9.325	1.212186	3.8453	4.2592	0.5953	3.2811	3.0691	2	2
-0.45	9.325	1.252495	3.8515	4.2231	0.6701	3.09	2.8894	2	2
-0.45	9.325	1.268292	3.8533	4.2056	0.7001	3.0137	2.8163	2	2
-0.45	9.325	1.281061	3.8544	4.1901	0.7244	2.9519	2.7569	2	2
-0.45	9.325	1.292772	3.8553	4.1751	0.7469	2.8945	2.7013	2	2
-0.45	9.325	1.336742	3.8618	4.1286	0.8353	2.669	2.4878	2	3
-0.45	9.325	1.341115	3.8617	4.1209	0.8437	2.6478	2.4665	2	3
-0.45	9.325	1.345347	3.8615	4.1135	0.8515	2.6278	2.4463	2	3
-0.45	9.325	1.349544	3.8612	4.1063	0.8591	2.6088	2.427	2	3
-0.45	9.325	1.353831	3.8609	4.099	0.8666	2.5897	2.4075	2	3
-0.45	9.325	1.358583	3.8606	4.0912	0.8748	2.5689	2.3864	2	3
-0.45	9.325	1.366539	3.8605	4.0794	0.8887	2.5337	2.3511	2	3
-0.45	9.325	1.390576	3.8608	4.0431	0.9343	2.418	2.2365	2	3
-0.45	9.325	1.398242	3.8601	4.0285	0.9486	2.3821	2.1996	2	3
-0.45	9.325	1.404411	3.8592	4.0154	0.9601	2.3531	2.1693	2	3
-0.45	9.325	1.410017	3.8581	4.0026	0.9705	2.327	2.1415	2	3
-0.45	9.325	1.415528	3.8571	3.9897	0.9807	2.3014	2.1143	2	3
-0.45	9.325	1.420898	3.8559	3.9765	0.9907	2.2764	2.0873	2	3
-0.45	9.325	1.426023	3.8546	3.9632	1.0004	2.2524	2.0613	2	3
-0.45	9.325	1.430934	3.8532	3.9501	1.0096	2.2296	2.0363	2	3
-0.45	9.325	1.435655	3.8517	3.937	1.0183	2.2082	2.0125	2	3
-0.45	9.325	1.440163	3.8502	3.924	1.0264	2.188	1.9898	2	3
-0.45	9.325	1.44449	3.8486	3.9112	1.0341	2.1691	1.9683	2	3
-0.45	9.325	1.448619	3.8469	3.8986	1.0413	2.1515	1.948	2	3
-0.45	9.325	1.452548	3.8452	3.8861	1.0481	2.1351	1.9288	2	3
-0.45	9.325	1.456295	3.8435	3.8739	1.0547	2.1194	1.9103	2	3
-0.45	9.325	1.459891	3.8418	3.862	1.061	2.1042	1.8925	2	3
-0.45	9.325	1.463341	3.8402	3.8504	1.0672	2.0892	1.8749	2	3
-0.45	9.325	1.466655	3.8387	3.8392	1.0734	2.0743	1.8575	2	3
-0.45	9.325	1.469765	3.8375	3.8287	1.0796	2.0592	1.8404	2	3
-0.45	9.325	1.472655	3.8365	3.8195	1.0859	2.0438	1.8234	2	3
-0.45	9.325	1.47517	3.836	3.8123	1.0921	2.0282	1.8071	2	3
-0.45	9.325	1.477242	3.8362	3.8074	1.0982	2.0128	1.7921	2	3
-0.45	9.325	1.478864	3.8369	3.805	1.1038	1.998	1.7785	2	3
-0.45	9.325	1.48011	3.838	3.8043	1.1091	1.9841	1.7664	2	3
-0.45	9.325	1.481064	3.8394	3.8053	1.1141	1.9709	1.7556	2	3
-0.45	9.325	1.481188	3.8397	3.8057	1.115	1.9681	1.7535	2	3
-0.45	9.325	1.481311	3.8401	3.8064	1.1162	1.965	1.7511	2	3
-0.45	9.325	1.481433	3.8406	3.8071	1.1173	1.962	1.7489	2	3
-0.45	9.325	1.481553	3.841	3.8078	1.1184	1.9589	1.7465	2	3
-0.45	9.325	1.481673	3.8416	3.8088	1.1197	1.9551	1.7438	2	3
-0.45	9.325	1.481792	3.8422	3.8098	1.1209	1.9516	1.7412	2	3
-0.45	9.325	1.481909	3.8428	3.8111	1.1224	1.9475	1.7383	2	3
-0.45	9.325	1.482026	3.8436	3.8125	1.124	1.9433	1.7352	2	3
-0.45	9.325	1.482141	3.8443	3.8139	1.1255	1.9389	1.7321	2	3
-0.45	9.325	1.482256	3.8453	3.8159	1.1274	1.9338	1.7287	2	3
-0.45	9.325	1.48237	3.8461	3.8178	1.1292	1.9285	1.725	2	3
-0.45	9.325	1.482481	3.8473	3.8201	1.1313	1.9227	1.7211	2	3
-0.45	9.325	1.48259	3.8485	3.8227	1.1335	1.9165	1.7168	2	3
-0.45	9.325	1.482695	3.8498	3.8256	1.1361	1.9095	1.7123	2	3
-0.45	9.325	1.482797	3.8513	3.8289	1.1387	1.9019	1.7072	2	3
-0.45	9.325	1.482892	3.853	3.8326	1.1418	1.8935	1.7017	2	3
-0.45	9.325	1.482981	3.8548	3.8365	1.145	1.8844	1.6958	2	3
-0.45	9.325	1.483062	3.8567	3.8409	1.1486	1.8745	1.6893	2	3
-0.45	9.325	1.483135	3.859	3.8455	1.1526	1.8637	1.6824	2	3
-0.45	9.325	1.483195	3.8612	3.8503	1.1568	1.852	1.6746	2	3
-0.45	9.325	1.483243	3.8636	3.8553	1.1614	1.8396	1.6664	2	3
-0.45	9.325	1.483278	3.866	3.8602	1.1663	1.8266	1.6575	2	3
-0.45	9.325	1.483299	3.8685	3.865	1.1714	1.8128	1.6482	2	3
-0.45	9.325	1.483306	3.871	3.8696	1.1768	1.7986	1.6383	2	3
-0.45	9.325	1.483435	3.8433	3.715	1.2206	1.6982	1.491	2	3
-0.45	9.325	1.483585	3.8411	3.7054	1.2216	1.6971	1.4862	2	3
-0.45	9.325	1.483741	3.8392	3.6969	1.2223	1.6963	1.4822	2	3
-0.45	9.325	1.4839	3.8375	3.6894	1.2229	1.6959	1.4788	2	3
-0.45	9.325	1.484062	3.8357	3.6824	1.2234	1.6956	1.4758	2	3
-0.45	9.325	1.484685	3.8309	3.6611	1.2253	1.6941	1.4662	2	3
-0.45	9.325	1.485309	3.8259	3.6403	1.2265	1.6943	1.458	2	3
-0.45	9.325	1.485931	3.8211	3.6198	1.2273	1.6961	1.4513	2	3
-0.45	9.325	1.486549	3.8159	3.5993	1.2273	1.6999	1.4463	2	3
-0.45	9.325	1.487163	3.8105	3.5794	1.2265	1.7063	1.4436	2	3
-0.45	9.325	1.487766	3.8052	3.5601	1.2244	1.7162	1.4443	2	3
-0.45	9.325	1.488351	3.7997	3.5419	1.2207	1.7304	1.449	2	3
-0.45	9.325	1.488908	3.7942	3.5254	1.2153	1.7496	1.4586	2	3
-0.45	9.325	1.489421	3.7888	3.5114	1.2079	1.774	1.4735	2	3
-0.45	9.325	1.489884	3.7836	3.5001	1.1985	1.8031	1.4937	2	3
-0.45	9.325	1.490291	3.7788	3.4919	1.1877	1.836	1.5183	2	3
-0.45	9.325	1.490647	3.7744	3.4867	1.1755	1.8718	1.5464	2	3
-0.45	9.325	1.49096	3.7704	3.4836	1.1626	1.9095	1.577	2	3
-0.45	9.325	1.49124	3.7667	3.4822	1.1492	1.9486	1.6093	2	3
-0.45	9.325	1.491498	3.7633	3.4822	1.1353	1.9885	1.6429	2	3
-0.45	9.325	1.49174	3.7599	3.4829	1.1214	2.0289	1.6773	2	3
-0.45	9.325	1.491978	3.7566	3.4842	1.1074	2.0696	1.712	2	3
-0.45	9.325	1.492219	3.7533	3.4847	1.0935	2.1105	1.7466	2	3
-0.45	9.325	1.492481	3.7498	3.4841	1.08	2.151	1.7805	2	3
-0.45	9.325	1.492795	3.7458	3.4805	1.0679	2.1894	1.8113	2	3
-0.45	9.325	1.493239	3.7407	3.4711	1.0571	2.2271	1.8393	2	3
-0.45	9.325	1.493736	3.7357	3.454	1.0543	2.2451	1.8476	2	3
-0.45	9.325	1.494241	3.7314	3.4304	1.0611	2.2384	1.8327	2	3
-0.45	9.325	1.494704	3.7283	3.4045	1.0745	2.213	1.8012	2	3
-0.45	9.325	1.495129	3.7259	3.3789	1.0906	2.1794	1.7629	2	3
-0.45	9.325	1.495526	3.724	3.3533	1.1086	2.1394	1.7192	2	3
-0.45	9.325	1.495903	3.7225	3.3287	1.1271	2.0979	1.6746	2	3
-0.45	9.325	1.496268	3.7211	3.3048	1.1457	2.0554	1.6294	2	3
-0.45	9.325	1.496628	3.7198	3.2812	1.1644	2.0126	1.5841	2	3
-0.45	9.325	1.496985	3.7187	3.2581	1.183	1.9697	1.5388	2	3
-0.45	9.325	1.497343	3.7175	3.2351	1.2016	1.9265	1.4934	2	3
-0.45	9.325	1.4977	3.7165	3.2124	1.2203	1.8835	1.4481	2	3
-0.45	9.325	1.498058	3.7155	3.1899	1.2389	1.8403	1.4028	2	3
-0.45	9.325	1.498417	3.7145	3.1676	1.2574	1.7972	1.3577	2	3
-0.45	9.325	1.498776	3.7136	3.1455	1.2758	1.7541	1.3127	2	3
-0.45	9.325	1.499137	3.7127	3.1235	1.2943	1.7112	1.2678	2	3
-0.45	9.325	1.499498	3.7118	3.1015	1.3126	1.6684	1.2231	2	3
-0.45	9.325	1.499859	3.7111	3.0803	1.3309	1.6251	1.1783	2	3
-0.45	9.325	1.500222	3.7099	3.0581	1.3491	1.583	1.1342	2	3
-0.45	9.325	1.500586	3.7091	3.0365	1.3674	1.5405	1.0898	2	3
-0.45	9.325	1.500951	3.7083	3.015	1.3855	1.4981	1.0457	2	3
-0.45	9.325	1.501317	3.7074	2.9934	1.4036	1.4561	1.0018	2	3
-0.45	9.325	1.501683	3.7064	2.9719	1.4216	1.4141	0.9581	2	3
-0.45	9.325	1.50205	3.7055	2.9503	1.4396	1.3724	0.9145	2	3
-0.45	9.325	1.502417	3.7046	2.9288	1.4576	1.3308	0.8711	2	3
-0.45	9.325	1.502785	3.7037	2.9074	1.4756	1.2894	0.8278	2	3
-0.45	9.325	1.503154	3.7028	2.8859	1.4935	1.2481	0.7846	2	3
-0.45	9.325	1.503523	3.7019	2.8645	1.5113	1.207	0.7415	2	3
-0.45	9.325	1.503892	3.701	2.8431	1.5291	1.1659	0.6986	2	3
-0.45	9.325	1.504261	3.7	2.8218	1.5469	1.1251	0.6557	2	3
-0.45	9.325	1.504632	3.6991	2.8004	1.5647	1.0842	0.613	2	3
-0.45	9.325	1.505001	3.6982	2.7791	1.5825	1.0436	0.5703	2	3
-0.45	9.325	1.505374	3.6973	2.7579	1.6001	1.0032	0.5279	2	3
-0.45	9.325	1.505746	3.6964	2.7366	1.6177	0.9629	0.4857	2	3
-0.45	9.325	1.506119	3.6954	2.7155	1.6353	0.9229	0.4434	2	3
-0.45	9.325	1.506195	3.6952	2.7111	1.6389	0.9147	0.4349	2	3
-0.45	9.325	1.50627	3.695	2.7069	1.6425	0.9066	0.4264	2	3
-0.45	9.325	1.506346	3.6948	2.7026	1.646	0.8985	0.4178	2	3
-0.45	9.325	1.506423	3.6947	2.6983	1.6496	0.8904	0.4094	2	3
-0.45	9.325	1.506499	3.6945	2.694	1.6531	0.8823	0.4009	2	3
-0.45	9.325	1.506574	3.6943	2.6897	1.6567	0.8743	0.3923	2	3
-0.45	9.325	1.50665	3.6941	2.6854	1.6602	0.8662	0.3838	2	3
-0.45	9.325	1.506726	3.6939	2.6811	1.6637	0.8582	0.3753	2	3
-0.45	9.325	1.506802	3.6937	2.6768	1.6674	0.8502	0.3668	2	3
-0.45	9.325	1.506878	3.6936	2.6726	1.6709	0.8422	0.3584	2	3
-0.45	9.325	1.507617	3.6917	2.6312	1.7051	0.7648	0.2768	2	3
-0.45	9.325	1.508331	3.6899	2.5913	1.7379	0.6909	0.1988	2	3
-0.45	9.325	1.509039	3.6881	2.5519	1.7703	0.618	0.1215	2	3
-0.45	9.325	1.509705	3.6863	2.5141	1.8013	0.5486	0.0479	2	3
-0.45	9.325	1.510364	3.6846	2.4756	1.8328	0.4782	-0.0268	2	3
-0.45	9.325	1.511009	3.6827	2.4367	1.8644	0.4081	-0.1014	2	3
-0.45	9.325	1.511618	3.681	2.4028	1.8917	0.3472	-0.1661	2	3
-0.45	9.325	1.512225	3.6795	2.371	1.9177	0.2896	-0.2273	2	3
-0.45	9.325	1.512821	3.6784	2.3474	1.937	0.2462	-0.2731	2	3
-0.45	9.325	1.513422	3.6782	2.3412	1.9427	0.233	-0.2868	2	3
-0.45	9.325	1.51406	3.6793	2.3607	1.928	0.2649	-0.2525	2	3
-0.45	9.325	1.514764	3.6796	2.3637	1.9262	0.2687	-0.2481	2	3
-0.45	9.325	1.515502	3.6776	2.3226	1.9597	0.1954	-0.3265	2	3
-0.45	9.325	1.516204	3.6739	2.2498	2.0179	0.0691	-0.4621	2	3
-0.45	9.325	1.516824	3.6704	2.181	2.0726	-0.0487	-0.589	2	3
-0.45	9.325	1.517372	3.667	2.117	2.1234	-0.1569	-0.7061	2	3
-0.45	9.325	1.517861	3.6637	2.054	2.1732	-0.2623	-0.8206	2	3
-0.45	9.325	1.518302	3.6604	1.9922	2.222	-0.3644	-0.9319	2	3
-0.45	9.325	1.518695	3.6572	1.9345	2.2671	-0.4574	-1.0338	2	3
-0.45	9.325	1.51905	3.6541	1.8784	2.3107	-0.5462	-1.1319	2	3
-0.45	9.325	1.519373	3.651	1.8232	2.3536	-0.6324	-1.2273	2	3
-0.45	9.325	1.519666	3.6479	1.7694	2.3952	-0.7152	-1.3193	2	3
-0.45	9.325	1.519936	3.6448	1.7161	2.4363	-0.7959	-1.4095	2	3
-0.45	9.325	1.52018	3.6419	1.6643	2.4762	-0.8734	-1.4964	2	3
-0.45	9.325	1.520403	3.6389	1.6137	2.5151	-0.948	-1.5805	2	3
-0.45	9.325	1.520609	3.636	1.5639	2.5532	-1.02	-1.6622	2	3
-0.45	9.325	1.520796	3.6331	1.5156	2.5902	-1.0888	-1.7406	2	3
-0.45	9.325	1.52097	3.6302	1.4678	2.6265	-1.1553	-1.8167	2	3
-0.45	9.325	1.521129	3.6274	1.4211	2.6619	-1.2189	-1.8902	2	3
-0.45	9.325	1.521276	3.6245	1.3753	2.6964	-1.28	-1.9612	2	3
-0.45	9.325	1.521412	3.6218	1.3306	2.7301	-1.3387	-2.0297	2	3
-0.45	9.325	1.521538	3.6191	1.2868	2.7631	-1.3955	-2.0963	2	3
-0.45	9.325	1.521656	3.6164	1.2438	2.7954	-1.45	-2.1605	2	3
-0.45	9.325	1.521764	3.6138	1.2019	2.8268	-1.5024	-2.2225	2	3
-0.45	9.325	1.521866	3.6112	1.1608	2.8577	-1.5529	-2.2826	2	3
-0.45	9.325	1.52196	3.6087	1.1208	2.8877	-1.6013	-2.3402	2	3
-0.45	9.325	1.522049	3.6062	1.0814	2.9171	-1.6478	-2.396	2	3
-0.45	9.325	1.522131	3.6037	1.0428	2.9459	-1.6924	-2.4496	2	3
-0.45	9.325	1.522209	3.6013	1.0052	2.9741	-1.7349	-2.5009	2	3
-0.45	9.325	1.522282	3.599	0.9681	3.0017	-1.7754	-2.5503	2	3
-0.45	9.325	1.52235	3.5966	0.9317	3.0287	-1.8137	-2.5973	2	3
-0.45	9.325	1.522414	3.5943	0.896	3.055	-1.8506	-2.6425	2	3
-0.45	9.325	1.522474	3.592	0.861	3.081	-1.8855	-2.6857	2	3
-0.45	9.325	1.522531	3.5898	0.8269	3.1061	-1.9187	-2.727	2	3
-0.45	9.325	1.522586	3.5875	0.7933	3.1309	-1.9499	-2.7662	2	3
-0.45	9.325	1.522637	3.5854	0.7605	3.155	-1.9793	-2.8032	2	3
-0.45	9.325	1.522685	3.5832	0.7283	3.1786	-2.0063	-2.8382	2	3
-0.45	9.325	1.522731	3.5812	0.6968	3.2017	-2.0314	-2.8708	2	3
-0.45	9.325	1.522774	3.5791	0.666	3.2243	-2.0538	-2.901	2	3
-0.45	9.325	1.522815	3.5771	0.6359	3.2463	-2.0734	-2.9283	2	3
-0.45	9.325	1.522855	3.5751	0.6066	3.2677	-2.0902	-2.953	2	3
-0.45	9.325	1.522873	3.5732	0.5786	3.2881	-2.1034	-2.9741	2	3
-0.45	9.325	1.5237300685	3.6963	2.5603	1.7732	0.588	0.086	3	4
-0.45	9.325	1.5244955113	3.6957	2.5487	1.7823	0.569	0.064	3	4
-0.45	9.325	1.5249012998	3.6958	2.5491	1.7826	0.568	0.063	3	4
-0.45	9.325	1.526405721	3.6964	2.5524	1.7822	0.566	0.063	3	4
-0.45	9.325	1.5279456666	3.6969	2.5539	1.7834	0.56	0.059	3	4
-0.45	9.325	1.5295353225	3.6975	2.5547	1.7853	0.553	0.053	3	4
-0.45	9.325	1.5311603835	3.6979	2.5544	1.7878	0.545	0.046	3	4
-0.45	9.325	1.5328320554	3.6983	2.554	1.7905	0.536	0.038	3	4
-0.45	9.325	1.5345623782	3.6987	2.5527	1.794	0.526	0.028	3	4
-0.45	9.325	1.5362900784	3.699	2.5507	1.7977	0.515	0.018	3	4
-0.45	9.325	1.5379768899	3.6992	2.5478	1.802	0.503	0.007	3	4
-0.45	9.325	1.5394769004	3.6994	2.545	1.8061	0.492	-0.004	3	4
-0.45	9.325	1.5396011165	3.6993	2.5445	1.8065	0.491	-0.004	3	4
-0.45	9.325	1.5406909278	3.6992	2.5404	1.8105	0.482	-0.014	3	4
-0.45	9.325	1.5418047002	3.699	2.5355	1.815	0.471	-0.025	3	4
-0.45	9.325	1.5429477981	3.6989	2.5299	1.8203	0.459	-0.038	3	4
-0.45	9.325	1.5441457322	3.6986	2.5228	1.8268	0.443	-0.054	3	4
-0.45	9.325	1.5454328349	3.6978	2.511	1.8359	0.424	-0.075	3	4
-0.45	9.325	1.546786814	3.6968	2.4961	1.8472	0.401	-0.101	3	4
-0.45	9.325	1.5474167159	3.6963	2.4886	1.8528	0.389	-0.114	3	4
-0.45	9.325	1.5482361606	3.6954	2.4749	1.8632	0.367	-0.138	3	4
-0.45	9.325	1.5507377675	3.6887	2.3622	1.9501	0.18	-0.342	3	4
-0.45	9.325	1.5509058526	3.6858	2.3171	1.9834	0.11	-0.419	3	4
-0.45	9.325	1.5510353139	3.6817	2.2534	2.0309	0.009	-0.53	3	4
-0.45	9.325	1.5510741761	3.6785	2.2003	2.0713	-0.078	-0.624	3	4
-0.45	9.325	1.5511042169	3.6741	2.1264	2.1276	-0.199	-0.755	3	4
-0.45	9.325	1.55112937	3.6678	2.0214	2.2072	-0.36	-0.933	3	4
-0.45	9.325	1.551157265	3.661	1.9107	2.2908	-0.529	-1.12	3	4
-0.45	9.325	1.5511952928	3.6559	1.8247	2.3565	-0.664	-1.268	3	4
-0.45	9.325	1.5513496688	3.6619	1.9239	2.2812	-0.51	-1.099	3	4
-0.45	9.325	1.5514588645	3.663	1.9436	2.2662	-0.48	-1.066	3	4
-0.45	9.325	1.5518923095	3.6572	1.8473	2.3393	-0.628	-1.229	3	4
-0.45	9.325	1.5520928195	3.6524	1.7653	2.4022	-0.757	-1.371	3	4
-0.45	9.325	1.5522616199	3.6475	1.6783	2.4697	-0.893	-1.521	3	4
-0.45	9.325	1.5523650935	3.6435	1.6134	2.5186	-0.985	-1.625	3	4
-0.45	9.325	1.5524739316	3.639	1.5378	2.5763	-1.095	-1.749	3	4
-0.45	9.325	1.5525915912	3.6338	1.4473	2.646	-1.23	-1.9	3	4
-0.45	9.325	1.5527072242	3.6273	1.3399	2.7274	-1.383	-2.074	3	4
-0.45	9.325	1.5527892402	3.6203	1.2276	2.8119	-1.53	-2.247	3	4
-0.45	9.325	1.5528447917	3.6153	1.1402	2.879	-1.647	-2.384	3	4
-0.45	9.325	1.5528903296	3.6098	1.0511	2.9464	-1.76	-2.52	3	4
-0.45	9.325	1.5529289535	3.6038	0.959	3.0143	-1.869	-2.653	3	4
-0.45	9.325	1.5529656699	3.5981	0.8707	3.0799	-1.966	-2.776	3	4
-0.45	9.325	1.5530013135	3.5926	0.7856	3.1427	-2.041	-2.881	3	4
-0.45	9.325	1.5530406526	3.5872	0.7012	3.2058	-2.12	-2.989	3	4
-0.45	9.325	1.5530787995	3.5799	0.5892	3.2885	-2.218	-3.126	3	4
-0.45	9.325	1.5530846408	3.5769	0.5428	3.323	-2.26	-3.184	3	4
-0.45	9.325	1.553087025	3.5759	0.5255	3.3364	-2.279	-3.209	3	4
-0.45	9.325	1.5530872634	3.5835	0.6487	3.2436	-2.159	-3.048	3	4
-0.45	9.325	1.5532199433	3.5708	0.4616	3.3786	-2.215	-3.194	3	4
-0.45	9.325	1.5533268741	3.5573	0.2843	3.5003	-2.024	-3.142	3	4
-0.45	9.325	1.5533765843	3.5504	0.2027	3.5535	-1.909	-3.095	3	4
-0.45	9.325	1.5534488252	3.5391	0.0696	3.639	-1.548	-2.888	3	4
-0.45	9.325	1.5534553817	3.5376	0.0524	3.6497	-1.495	-2.857	3	4
-0.45	9.325	1.5535223773	3.5259	-0.0736	3.7255	-2.772	-3.817	3	4
-0.45	9.325	1.5535275033	3.5246	-0.087	3.7336	-2.773	-3.824	3	4
-0.45	9.325	1.5535884192	3.5072	-0.2309	3.8029	-2.67	-3.811	3	4
-0.45	9.325	1.5535927108	3.5054	-0.2446	3.8089	-2.652	-3.806	3	4
-0.45	9.325	1.5536477855	3.4704	-0.4601	3.8765	-2.383	-3.692	3	4
-0.45	9.325	1.5536516002	3.4785	-0.371	3.8189	-2.374	-3.639	3	4
-0.45	9.325	1.5537001183	3.44	-0.59	3.826	-2.011	-3.421	3	4
-0.45	9.325	1.5537050059	3.4324	-0.6563	3.8357	-1.966	-3.407	3	4
-0.45	9.325	1.553729563	3.4895	-0.5771	3.8038	-2.391	-3.638	3	4
-0.45	9.325	1.5537535241	3.6179	-0.272	3.9364	-4.188	-4.986	3	4
-0.45	9.325	1.5537550738	3.629	-0.2412	3.9468	-4.214	-5.011	3	4
