# File generated by 'stitchIsochrones.py' on Thu Sep 28 15:40:11 2017.
# Content of file: isochrone tables with [Fe/H] = -0.85.
# Isochrone tables in this file have been created by
# stitching a number of different isochrones:
# 1). Lyon isochrones for M < 0.17 Msun.
# 2). Darthmouth isochrones for M >= 0.17 Msun.
# 3). Padova isochrones for stars above the tip
#     of the Red Giant Branch.
# ---------------------------------------------------
# Isochrone table age = 3.35 Gyr
# FeH	log_age	mass	log_Teff	log_g	logL	 Johnson_V	Johnson_R	 isoID	 stage
-0.85	9.525	0.1	3.48502950852	5.311	-2.98909090909	14.5872636364	12.9475454545	1	1
-0.85	9.525	0.11	3.50380737247	5.27209090909	-2.831	13.8132727273	12.3639181818	1	1
-0.85	9.525	0.13	3.52481130797	5.214	-2.61845454545	12.9219727273	11.6346181818	1	1
-0.85	9.525	0.15	3.53714154499	5.174	-2.46463636364	12.3660363636	11.1493181818	1	1
-0.85	9.525	0.210022	3.5501	5.0894	-2.1756	11.5107	10.5542	2	1
-0.85	9.525	0.23973	3.5565	5.058	-2.0611	11.1579	10.2172	2	1
-0.85	9.525	0.262761	3.5607	5.0362	-1.9827	10.921	9.9903	2	2
-0.85	9.525	0.283276	3.5639	5.0181	-1.9187	10.7294	9.8069	2	2
-0.85	9.525	0.297579	3.5662	5.0042	-1.8746	10.5993	9.6821	2	2
-0.85	9.525	0.306461	3.5675	4.9942	-1.8464	10.5167	9.6029	2	2
-0.85	9.525	0.31244	3.5683	4.9866	-1.827	10.4604	9.5488	2	2
-0.85	9.525	0.316944	3.569	4.9805	-1.8122	10.4178	9.5078	2	2
-0.85	9.525	0.320548	3.5695	4.9754	-1.8002	10.3834	9.4745	2	2
-0.85	9.525	0.323768	3.5699	4.9709	-1.7896	10.3528	9.4452	2	2
-0.85	9.525	0.32724	3.5704	4.9666	-1.7788	10.3214	9.415	2	2
-0.85	9.525	0.331764	3.571	4.9619	-1.7656	10.283	9.3782	2	2
-0.85	9.525	0.339002	3.572	4.9558	-1.746	10.2246	9.3224	2	2
-0.85	9.525	0.372591	3.5783	4.9258	-1.6513	9.9317	9.0445	2	2
-0.85	9.525	0.421638	3.5889	4.8738	-1.5012	9.4714	8.617	2	2
-0.85	9.525	0.43048	3.5916	4.8607	-1.4691	9.3698	8.5225	2	2
-0.85	9.525	0.442329	3.595	4.8453	-1.4281	9.2406	8.4035	2	2
-0.85	9.525	0.455596	3.5993	4.8284	-1.3815	9.0925	8.2682	2	2
-0.85	9.525	0.469093	3.604	4.8116	-1.333	8.9365	8.1269	2	2
-0.85	9.525	0.481888	3.6089	4.7961	-1.2859	8.7838	7.99	2	2
-0.85	9.525	0.494397	3.6142	4.7818	-1.2394	8.631	7.8544	2	2
-0.85	9.525	0.507153	3.6202	4.7687	-1.1915	8.472	7.7145	2	2
-0.85	9.525	0.52085	3.6274	4.7566	-1.139	8.2937	7.5601	2	2
-0.85	9.525	0.534578	3.6352	4.7463	-1.0862	8.1088	7.4023	2	2
-0.85	9.525	0.54776	3.6428	4.7378	-1.0364	7.9337	7.254	2	2
-0.85	9.525	0.559912	3.6499	4.7306	-0.9913	7.7741	7.1193	2	2
-0.85	9.525	0.571231	3.6569	4.7249	-0.949	7.6231	6.9928	2	2
-0.85	9.525	0.58226	3.6639	4.7203	-0.908	7.475	6.8703	2	2
-0.85	9.525	0.592709	3.671	4.7169	-0.8683	7.3308	6.752	2	2
-0.85	9.525	0.608735	3.6811	4.7118	-0.8108	7.1267	6.5834	2	2
-0.85	9.525	0.631698	3.6948	4.7029	-0.7315	6.857	6.3584	2	2
-0.85	9.525	0.658536	3.7098	4.6911	-0.6414	6.5687	6.1106	2	2
-0.85	9.525	0.687467	3.725	4.6769	-0.5478	6.2866	5.8632	2	2
-0.85	9.525	0.716009	3.7388	4.6602	-0.4584	6.0304	5.6355	2	2
-0.85	9.525	0.740943	3.75	4.6435	-0.3824	5.8208	5.4473	2	2
-0.85	9.525	0.761252	3.7583	4.6283	-0.322	5.6583	5.3	2	2
-0.85	9.525	0.777628	3.7647	4.6151	-0.2742	5.5319	5.1846	2	2
-0.85	9.525	0.791079	3.7696	4.6034	-0.2354	5.4311	5.0925	2	2
-0.85	9.525	0.80263	3.7737	4.5929	-0.2023	5.3458	5.0141	2	2
-0.85	9.525	0.813135	3.7774	4.5833	-0.1723	5.268	4.9425	2	2
-0.85	9.525	0.822909	3.7807	4.5741	-0.1445	5.1958	4.8756	2	2
-0.85	9.525	0.829729	3.7831	4.5675	-0.125	5.1456	4.8293	2	2
-0.85	9.525	0.836577	3.7854	4.5609	-0.1055	5.0956	4.783	2	2
-0.85	9.525	0.843408	3.7877	4.5543	-0.0861	5.0458	4.7372	2	2
-0.85	9.525	0.850179	3.7899	4.5475	-0.067	4.9971	4.6923	2	2
-0.85	9.525	0.856856	3.7921	4.5409	-0.0481	4.9491	4.6481	2	2
-0.85	9.525	0.86344	3.7942	4.534	-0.0297	4.902	4.6047	2	2
-0.85	9.525	0.869942	3.7962	4.5272	-0.0114	4.8555	4.5617	2	2
-0.85	9.525	0.876374	3.7982	4.5203	0.0066	4.8098	4.5194	2	2
-0.85	9.525	0.882752	3.8002	4.5134	0.0243	4.7645	4.4772	2	2
-0.85	9.525	0.889077	3.802	4.5064	0.0419	4.7198	4.4356	2	2
-0.85	9.525	0.895353	3.8038	4.4995	0.0593	4.6755	4.3942	2	2
-0.85	9.525	0.901562	3.8056	4.4925	0.0764	4.632	4.3536	2	2
-0.85	9.525	0.907683	3.8074	4.4856	0.0933	4.589	4.3135	2	2
-0.85	9.525	0.913667	3.8091	4.4786	0.1098	4.5472	4.2744	2	2
-0.85	9.525	0.919496	3.8107	4.472	0.1258	4.5064	4.2364	2	2
-0.85	9.525	0.925154	3.8122	4.4652	0.1413	4.467	4.1994	2	2
-0.85	9.525	0.930627	3.8137	4.4588	0.1564	4.4287	4.1637	2	2
-0.85	9.525	0.935926	3.8152	4.4524	0.1709	4.3918	4.129	2	2
-0.85	9.525	0.941077	3.8165	4.4462	0.185	4.3559	4.0954	2	2
-0.85	9.525	0.946124	3.818	4.44	0.1988	4.3206	4.0624	2	2
-0.85	9.525	0.951108	3.8192	4.434	0.2124	4.2861	4.03	2	2
-0.85	9.525	0.956065	3.8205	4.4279	0.2259	4.2518	3.9978	2	2
-0.85	9.525	0.96104	3.8219	4.4222	0.2394	4.2173	3.9657	2	2
-0.85	9.525	0.966037	3.8232	4.4162	0.2528	4.183	3.9336	2	2
-0.85	9.525	0.971061	3.8247	4.4106	0.2664	4.1483	3.9012	2	2
-0.85	9.525	0.97611	3.826	4.4048	0.28	4.1137	3.869	2	2
-0.85	9.525	0.981173	3.8274	4.3992	0.2937	4.0788	3.8365	2	2
-0.85	9.525	0.986222	3.8289	4.3935	0.3072	4.0442	3.8042	2	2
-0.85	9.525	0.991218	3.8303	4.388	0.3207	4.0095	3.7721	2	2
-0.85	9.525	0.996124	3.8317	4.3824	0.334	3.9756	3.7404	2	2
-0.85	9.525	1.001171	3.8332	4.3768	0.3478	3.9404	3.7077	2	2
-0.85	9.525	1.006021	3.8346	4.3713	0.361	3.9063	3.6761	2	2
-0.85	9.525	1.010686	3.8359	4.3659	0.3739	3.8733	3.6455	2	2
-0.85	9.525	1.013361	3.8372	4.3629	0.3828	3.8504	3.6245	2	2
-0.85	9.525	1.017783	3.8383	4.3577	0.3951	3.8189	3.5953	2	2
-0.85	9.525	1.022041	3.8396	4.3525	0.4071	3.7882	3.5669	2	2
-0.85	9.525	1.026051	3.8409	4.3476	0.4185	3.7589	3.5398	2	2
-0.85	9.525	1.029779	3.842	4.3432	0.4294	3.7309	3.5141	2	2
-0.85	9.525	1.033526	3.8432	4.3386	0.4403	3.7029	3.4883	2	2
-0.85	9.525	1.037294	3.8444	4.3339	0.4511	3.675	3.4624	2	2
-0.85	9.525	1.039803	3.8455	4.3309	0.4596	3.6533	3.4427	2	2
-0.85	9.525	1.043522	3.8466	4.3262	0.4702	3.6258	3.4172	2	2
-0.85	9.525	1.04713	3.8477	4.3219	0.4807	3.5989	3.3923	2	2
-0.85	9.525	1.050553	3.8489	4.3178	0.4907	3.573	3.3684	2	2
-0.85	9.525	1.053875	3.85	4.314	0.5006	3.5476	3.3449	2	2
-0.85	9.525	1.057282	3.8511	4.3099	0.5104	3.5221	3.3213	2	2
-0.85	9.525	1.060657	3.8522	4.3059	0.5202	3.4968	3.2978	2	2
-0.85	9.525	1.063965	3.8533	4.3021	0.5298	3.4719	3.2747	2	2
-0.85	9.525	1.067211	3.8543	4.2982	0.5392	3.4476	3.2521	2	2
-0.85	9.525	1.070404	3.8554	4.2945	0.5485	3.4236	3.2298	2	2
-0.85	9.525	1.073553	3.8564	4.2907	0.5576	3.3999	3.2079	2	2
-0.85	9.525	1.076672	3.8574	4.287	0.5666	3.3766	3.1864	2	2
-0.85	9.525	1.079761	3.8584	4.2831	0.5755	3.3536	3.1651	2	2
-0.85	9.525	1.082813	3.8593	4.2792	0.5843	3.3309	3.1441	2	3
-0.85	9.525	1.085825	3.8602	4.2754	0.5929	3.3085	3.1234	2	3
-0.85	9.525	1.088806	3.8611	4.2714	0.6016	3.2864	3.1029	2	3
-0.85	9.525	1.091767	3.8619	4.2673	0.6101	3.2644	3.0825	2	3
-0.85	9.525	1.094708	3.8627	4.2633	0.6186	3.2425	3.0622	2	3
-0.85	9.525	1.097641	3.8635	4.2593	0.6271	3.2208	3.042	2	3
-0.85	9.525	1.100575	3.8644	4.2552	0.6355	3.199	3.0218	2	3
-0.85	9.525	1.102873	3.8649	4.252	0.642	3.1823	3.0063	2	3
-0.85	9.525	1.105247	3.8655	4.2487	0.6487	3.165	2.9902	2	3
-0.85	9.525	1.107682	3.8662	4.2452	0.6557	3.147	2.9733	2	3
-0.85	9.525	1.110234	3.8669	4.2414	0.6632	3.1279	2.9554	2	3
-0.85	9.525	1.112882	3.8676	4.2373	0.6712	3.1074	2.9362	2	3
-0.85	9.525	1.115598	3.8683	4.2326	0.6796	3.0857	2.9158	2	3
-0.85	9.525	1.118326	3.8689	4.2277	0.6883	3.0635	2.8947	2	3
-0.85	9.525	1.12103	3.8696	4.2226	0.697	3.0413	2.8737	2	3
-0.85	9.525	1.123677	3.8702	4.2176	0.7055	3.0194	2.853	2	3
-0.85	9.525	1.126265	3.8708	4.2125	0.7138	2.998	2.8328	2	3
-0.85	9.525	1.128792	3.8713	4.2076	0.722	2.9772	2.813	2	3
-0.85	9.525	1.131259	3.8719	4.2027	0.7299	2.9571	2.7937	2	3
-0.85	9.525	1.133689	3.8723	4.1976	0.7377	2.937	2.7747	2	3
-0.85	9.525	1.136072	3.8727	4.1926	0.7455	2.9173	2.7558	2	3
-0.85	9.525	1.1384	3.8732	4.1874	0.7531	2.8977	2.7369	2	3
-0.85	9.525	1.140678	3.8736	4.1821	0.7607	2.8782	2.7181	2	3
-0.85	9.525	1.142908	3.8739	4.1767	0.7683	2.8589	2.6995	2	3
-0.85	9.525	1.14509	3.8741	4.1713	0.7758	2.8398	2.681	2	3
-0.85	9.525	1.147228	3.8744	4.1657	0.7832	2.8208	2.6626	2	3
-0.85	9.525	1.149324	3.8747	4.16	0.7907	2.802	2.6442	2	3
-0.85	9.525	1.151379	3.8748	4.1543	0.7979	2.7833	2.6261	2	3
-0.85	9.525	1.153394	3.875	4.1484	0.8052	2.765	2.608	2	3
-0.85	9.525	1.155375	3.8751	4.1423	0.8123	2.7466	2.59	2	3
-0.85	9.525	1.157325	3.8752	4.1363	0.8194	2.7285	2.5721	2	3
-0.85	9.525	1.159245	3.8752	4.13	0.8265	2.7104	2.5542	2	3
-0.85	9.525	1.161142	3.8752	4.1235	0.8336	2.6924	2.5363	2	3
-0.85	9.525	1.163016	3.8751	4.1168	0.8407	2.6743	2.5183	2	3
-0.85	9.525	1.164869	3.875	4.11	0.8479	2.6562	2.5001	2	3
-0.85	9.525	1.166701	3.8749	4.1028	0.8551	2.638	2.4818	2	3
-0.85	9.525	1.168516	3.8746	4.0952	0.8623	2.6196	2.4633	2	3
-0.85	9.525	1.170313	3.8744	4.0873	0.8699	2.6005	2.4438	2	3
-0.85	9.525	1.172096	3.874	4.079	0.8776	2.5809	2.4239	2	3
-0.85	9.525	1.173861	3.8736	4.0703	0.8853	2.5614	2.4039	2	3
-0.85	9.525	1.175608	3.8732	4.0614	0.893	2.5419	2.3837	2	3
-0.85	9.525	1.177336	3.8726	4.052	0.9007	2.5223	2.3633	2	3
-0.85	9.525	1.179043	3.8719	4.0424	0.9083	2.5031	2.3432	2	3
-0.85	9.525	1.180727	3.8712	4.0325	0.9158	2.4842	2.3233	2	3
-0.85	9.525	1.18239	3.8703	4.0221	0.9233	2.4655	2.3032	2	3
-0.85	9.525	1.184025	3.8693	4.011	0.9308	2.4467	2.2828	2	3
-0.85	9.525	1.185632	3.8681	3.9993	0.9384	2.4277	2.2619	2	3
-0.85	9.525	1.187208	3.8667	3.9868	0.946	2.4087	2.2409	2	3
-0.85	9.525	1.188752	3.8651	3.9735	0.9536	2.3899	2.2196	2	3
-0.85	9.525	1.190264	3.8633	3.9594	0.9612	2.3713	2.1981	2	3
-0.85	9.525	1.191738	3.8613	3.9443	0.9687	2.353	2.1765	2	3
-0.85	9.525	1.193173	3.859	3.9283	0.9761	2.3353	2.155	2	3
-0.85	9.525	1.194564	3.8565	3.9113	0.9834	2.3179	2.1336	2	3
-0.85	9.525	1.195906	3.8537	3.8932	0.9906	2.3012	2.1122	2	3
-0.85	9.525	1.197197	3.8504	3.874	0.9975	2.2854	2.091	2	3
-0.85	9.525	1.198438	3.8469	3.8536	1.0042	2.2704	2.07	2	3
-0.85	9.525	1.199627	3.843	3.832	1.0104	2.2566	2.0497	2	3
-0.85	9.525	1.200438	3.8401	3.8164	1.0147	2.2476	2.0358	2	3
-0.85	9.525	1.201246	3.8369	3.7999	1.0188	2.2393	2.0222	2	3
-0.85	9.525	1.202053	3.8334	3.7825	1.0227	2.2318	2.009	2	3
-0.85	9.525	1.202858	3.8297	3.764	1.0264	2.2255	1.9963	2	3
-0.85	9.525	1.203654	3.8255	3.7449	1.0294	2.2208	1.9845	2	3
-0.85	9.525	1.204432	3.8212	3.725	1.0318	2.2181	1.9744	2	3
-0.85	9.525	1.20518	3.8165	3.7051	1.0335	2.2177	1.9662	2	3
-0.85	9.525	1.205892	3.8118	3.6857	1.0344	2.2192	1.96	2	3
-0.85	9.525	1.206568	3.8071	3.6666	1.0346	2.2228	1.9555	2	3
-0.85	9.525	1.207212	3.8022	3.6477	1.0341	2.2283	1.9529	2	3
-0.85	9.525	1.207835	3.7972	3.6293	1.0331	2.2353	1.9515	2	3
-0.85	9.525	1.20844	3.7922	3.6113	1.0312	2.245	1.9525	2	3
-0.85	9.525	1.20903	3.787	3.594	1.028	2.2578	1.9568	2	3
-0.85	9.525	1.209594	3.782	3.5778	1.0241	2.273	1.9636	2	3
-0.85	9.525	1.210133	3.7771	3.5645	1.0184	2.2934	1.9763	2	3
-0.85	9.525	1.210636	3.7725	3.5526	1.0119	2.316	1.9914	2	3
-0.85	9.525	1.211157	3.7683	3.5435	1.0042	2.3404	2.0084	2	3
-0.85	9.525	1.211728	3.7639	3.5327	0.9978	2.3615	2.021	2	3
-0.85	9.525	1.212314	3.7602	3.5232	0.9926	2.3792	2.0313	2	3
-0.85	9.525	1.21288	3.7567	3.5127	0.9893	2.3923	2.038	2	3
-0.85	9.525	1.213554	3.752	3.5008	0.9829	2.4151	2.0529	2	3
-0.85	9.525	1.214255	3.7477	3.4868	0.9799	2.4291	2.0594	2	3
-0.85	9.525	1.214992	3.7438	3.4704	0.9809	2.4331	2.0566	2	3
-0.85	9.525	1.215737	3.7407	3.4508	0.988	2.4206	2.0385	2	3
-0.85	9.525	1.216457	3.7381	3.431	0.9979	2.4008	2.0142	2	3
-0.85	9.525	1.217145	3.7362	3.4104	1.011	2.3716	1.9817	2	3
-0.85	9.525	1.21781	3.7346	3.3897	1.0256	2.3384	1.9457	2	3
-0.85	9.525	1.218462	3.7331	3.3693	1.0402	2.305	1.9096	2	3
-0.85	9.525	1.2191	3.732	3.3494	1.0559	2.2686	1.871	2	3
-0.85	9.525	1.219732	3.7309	3.3294	1.0718	2.2311	1.8317	2	3
-0.85	9.525	1.220357	3.7299	3.3095	1.088	2.1929	1.7916	2	3
-0.85	9.525	1.220975	3.729	3.2899	1.1045	2.1535	1.7507	2	3
-0.85	9.525	1.22159	3.7282	3.2699	1.1213	2.1139	1.7094	2	3
-0.85	9.525	1.2222	3.7274	3.2498	1.1382	2.0735	1.6675	2	3
-0.85	9.525	1.222804	3.7267	3.23	1.1554	2.0322	1.6249	2	3
-0.85	9.525	1.223404	3.7259	3.2097	1.1728	1.9907	1.5819	2	3
-0.85	9.525	1.223998	3.7252	3.1896	1.1904	1.9483	1.5383	2	3
-0.85	9.525	1.224584	3.7245	3.1691	1.2083	1.9054	1.4941	2	3
-0.85	9.525	1.225162	3.7239	3.1485	1.2266	1.8615	1.4491	2	3
-0.85	9.525	1.225726	3.7232	3.1275	1.2452	1.8167	1.4031	2	3
-0.85	9.525	1.226266	3.7226	3.1056	1.2645	1.77	1.3552	2	3
-0.85	9.525	1.226795	3.7219	3.0834	1.2842	1.7227	1.3067	2	3
-0.85	9.525	1.227306	3.7212	3.0606	1.3044	1.6743	1.257	2	3
-0.85	9.525	1.227801	3.7205	3.0374	1.325	1.625	1.2064	2	3
-0.85	9.525	1.228282	3.7197	3.0138	1.3458	1.5749	1.155	2	3
-0.85	9.525	1.228748	3.7189	2.9896	1.367	1.5242	1.1029	2	3
-0.85	9.525	1.229202	3.7181	2.9651	1.3884	1.473	1.0503	2	3
-0.85	9.525	1.22964	3.7172	2.9401	1.4102	1.4212	0.9971	2	3
-0.85	9.525	1.23007	3.7164	2.9149	1.432	1.3692	0.9435	2	3
-0.85	9.525	1.230482	3.7155	2.8893	1.4541	1.3165	0.8893	2	3
-0.85	9.525	1.230883	3.7146	2.8634	1.4765	1.2635	0.8345	2	3
-0.85	9.525	1.231271	3.7136	2.8372	1.499	1.2101	0.7794	2	3
-0.85	9.525	1.231646	3.7127	2.8106	1.5217	1.1564	0.7239	2	3
-0.85	9.525	1.232008	3.7116	2.7838	1.5447	1.1024	0.668	2	3
-0.85	9.525	1.232357	3.7106	2.7568	1.5677	1.0481	0.6115	2	3
-0.85	9.525	1.232422	3.7104	2.7516	1.5722	1.0378	0.6008	2	3
-0.85	9.525	1.232487	3.7102	2.7463	1.5766	1.0272	0.5899	2	3
-0.85	9.525	1.232551	3.71	2.741	1.581	1.0168	0.579	2	3
-0.85	9.525	1.232616	3.7098	2.7358	1.5855	1.0063	0.568	2	3
-0.85	9.525	1.23268	3.7096	2.7305	1.59	0.9957	0.5571	2	3
-0.85	9.525	1.232745	3.7094	2.7252	1.5945	0.9851	0.5461	2	3
-0.85	9.525	1.232808	3.7092	2.7198	1.5991	0.9744	0.5349	2	3
-0.85	9.525	1.232872	3.7089	2.7144	1.6037	0.9637	0.5238	2	3
-0.85	9.525	1.232934	3.7087	2.709	1.6083	0.9528	0.5124	2	3
-0.85	9.525	1.232997	3.7085	2.7035	1.6129	0.942	0.5012	2	3
-0.85	9.525	1.233584	3.7065	2.6506	1.6577	0.837	0.3918	2	3
-0.85	9.525	1.234138	3.7042	2.5958	1.7038	0.7294	0.2795	2	3
-0.85	9.525	1.234631	3.702	2.5415	1.7493	0.6237	0.1689	2	3
-0.85	9.525	1.23507	3.6997	2.4872	1.7945	0.52	0.0603	2	3
-0.85	9.525	1.235482	3.6972	2.4331	1.8391	0.4185	-0.0461	2	3
-0.85	9.525	1.235855	3.695	2.383	1.8802	0.325	-0.1438	2	3
-0.85	9.525	1.236196	3.6929	2.3378	1.9172	0.2411	-0.2318	2	3
-0.85	9.525	1.236524	3.6913	2.3033	1.9456	0.1752	-0.3008	2	3
-0.85	9.525	1.236845	3.6908	2.2889	1.958	0.1442	-0.333	2	3
-0.85	9.525	1.237179	3.6884	2.2384	1.999	0.0517	-0.4314	2	3
-0.85	9.525	1.237488	3.6858	2.1852	2.0419	-0.0446	-0.5341	2	3
-0.85	9.525	1.237765	3.6834	2.1362	2.0813	-0.1323	-0.6278	2	3
-0.85	9.525	1.238019	3.6814	2.0949	2.1145	-0.2057	-0.7061	2	3
-0.85	9.525	1.23826	3.6804	2.075	2.1308	-0.2413	-0.7442	2	3
-0.85	9.525	1.238501	3.682	2.1065	2.1059	-0.1845	-0.6841	2	3
-0.85	9.525	1.238772	3.6806	2.0765	2.1305	-0.2388	-0.742	2	3
-0.85	9.525	1.239029	3.6774	2.014	2.1802	-0.3478	-0.8591	2	3
-0.85	9.525	1.239258	3.6744	1.955	2.2272	-0.4502	-0.969	2	3
-0.85	9.525	1.239463	3.6714	1.8975	2.2727	-0.5484	-1.0749	2	3
-0.85	9.525	1.23965	3.6684	1.8408	2.3173	-0.6439	-1.1785	2	3
-0.85	9.525	1.239819	3.6653	1.7825	2.3633	-0.7418	-1.285	2	3
-0.85	9.525	1.239969	3.6622	1.7244	2.409	-0.8386	-1.3905	2	3
-0.85	9.525	1.240105	3.6594	1.6732	2.4492	-0.9222	-1.4822	2	3
-0.85	9.525	1.240228	3.6567	1.6237	2.4879	-1.002	-1.5702	2	3
-0.85	9.525	1.240344	3.654	1.5742	2.5264	-1.0812	-1.6577	2	3
-0.85	9.525	1.240447	3.6512	1.5264	2.5637	-1.1564	-1.7412	2	3
-0.85	9.525	1.240543	3.6487	1.4793	2.6003	-1.2299	-1.8232	2	3
-0.85	9.525	1.240631	3.6461	1.4333	2.6359	-1.3007	-1.9025	2	3
-0.85	9.525	1.240713	3.6435	1.3874	2.6712	-1.3697	-1.9802	2	3
-0.85	9.525	1.240789	3.6409	1.3429	2.7054	-1.4358	-2.0551	2	3
-0.85	9.525	1.240858	3.6383	1.2992	2.7387	-1.4997	-2.1277	2	3
-0.85	9.525	1.240922	3.6357	1.2561	2.7716	-1.5618	-2.1987	2	3
-0.85	9.525	1.240982	3.6331	1.214	2.8036	-1.6216	-2.2673	2	3
-0.85	9.525	1.241038	3.6306	1.1727	2.835	-1.6794	-2.334	2	3
-0.85	9.525	1.24109	3.6282	1.1321	2.8657	-1.7353	-2.3987	2	3
-0.85	9.525	1.241138	3.6257	1.0923	2.8958	-1.7893	-2.4616	2	3
-0.85	9.525	1.241183	3.6233	1.0534	2.925	-1.8413	-2.5224	2	3
-0.85	9.525	1.241226	3.6209	1.015	2.9539	-1.892	-2.5817	2	3
-0.85	9.525	1.241265	3.6186	0.9775	2.982	-1.9407	-2.6392	2	3
-0.85	9.525	1.241302	3.6163	0.9407	3.0095	-1.9876	-2.6947	2	3
-0.85	9.525	1.241338	3.6139	0.9044	3.0365	-2.0329	-2.7485	2	3
-0.85	9.525	1.241371	3.6116	0.8685	3.0631	-2.0767	-2.8008	2	3
-0.85	9.525	1.241401	3.6093	0.8335	3.089	-2.1197	-2.8519	2	3
-0.85	9.525	1.241431	3.6071	0.7994	3.1143	-2.161	-2.9012	2	3
-0.85	9.525	1.241458	3.6049	0.7659	3.1391	-2.2014	-2.9492	2	3
-0.85	9.525	1.241484	3.6028	0.7328	3.1635	-2.2408	-2.9961	2	3
-0.85	9.525	1.24151	3.6007	0.7007	3.1872	-2.2784	-3.041	2	3
-0.85	9.525	1.241533	3.5986	0.6693	3.2104	-2.3148	-3.0842	2	3
-0.85	9.525	1.241555	3.5966	0.6387	3.2331	-2.3494	-3.1253	2	3
-0.85	9.525	1.241576	3.5946	0.6087	3.2552	-2.3816	-3.1641	2	3
-0.85	9.525	1.241596	3.5927	0.5795	3.2767	-2.4117	-3.2007	2	3
-0.85	9.525	1.241624	3.591	0.5518	3.2972	-2.4394	-3.2348	2	3
-0.85	9.525	1.2419540905	3.7133	2.54	1.7686	0.553	0.096	3	4
-0.85	9.525	1.2423404478	3.7121	2.525	1.7788	0.531	0.071	3	4
-0.85	9.525	1.2427409314	3.7114	2.5157	1.7856	0.516	0.055	3	4
-0.85	9.525	1.2434023641	3.7119	2.5167	1.787	0.511	0.051	3	4
-0.85	9.525	1.2440751814	3.7127	2.5188	1.7883	0.505	0.047	3	4
-0.85	9.525	1.2447577738	3.7136	2.5204	1.7903	0.498	0.041	3	4
-0.85	9.525	1.2454829239	3.7143	2.5214	1.7927	0.489	0.034	3	4
-0.85	9.525	1.2462110542	3.7148	2.521	1.7953	0.481	0.027	3	4
-0.85	9.525	1.246932628	3.7151	2.5197	1.7983	0.473	0.019	3	4
-0.85	9.525	1.2476472877	3.7154	2.5179	1.8015	0.464	0.011	3	4
-0.85	9.525	1.2483452581	3.7156	2.5158	1.8048	0.455	0.003	3	4
-0.85	9.525	1.2490509771	3.7157	2.5128	1.8085	0.445	-0.007	3	4
-0.85	9.525	1.2491294168	3.7157	2.5124	1.8089	0.444	-0.008	3	4
-0.85	9.525	1.2497636102	3.7157	2.508	1.8132	0.434	-0.018	3	4
-0.85	9.525	1.2504947208	3.7154	2.5016	1.8188	0.42	-0.032	3	4
-0.85	9.525	1.2512630247	3.7149	2.4924	1.8263	0.403	-0.051	3	4
-0.85	9.525	1.2521958374	3.7137	2.4759	1.8385	0.376	-0.08	3	4
-0.85	9.525	1.2530711912	3.7123	2.4552	1.8538	0.342	-0.117	3	4
-0.85	9.525	1.2534613632	3.7114	2.4425	1.8633	0.321	-0.14	3	4
-0.85	9.525	1.2540003084	3.7098	2.417	1.8823	0.279	-0.186	3	4
-0.85	9.525	1.2556717418	3.703	2.316	1.9569	0.113	-0.367	3	4
-0.85	9.525	1.2557810568	3.7016	2.2943	1.973	0.077	-0.406	3	4
-0.85	9.525	1.2558654569	3.6977	2.2257	2.026	-0.041	-0.533	3	4
-0.85	9.525	1.2558910869	3.6941	2.17	2.0674	-0.129	-0.63	3	4
-0.85	9.525	1.2559107565	3.6876	2.0663	2.1451	-0.296	-0.812	3	4
-0.85	9.525	1.255919578	3.6831	1.9883	2.2052	-0.427	-0.954	3	4
-0.85	9.525	1.2559288763	3.6786	1.9107	2.2647	-0.557	-1.094	3	4
-0.85	9.525	1.2559460424	3.6746	1.8372	2.3222	-0.683	-1.231	3	4
-0.85	9.525	1.2560369991	3.6797	1.9249	2.255	-0.537	-1.072	3	4
-0.85	9.525	1.2562038921	3.6752	1.8457	2.3164	-0.671	-1.218	3	4
-0.85	9.525	1.2562862657	3.6713	1.772	2.3743	-0.794	-1.351	3	4
-0.85	9.525	1.2563642286	3.6656	1.6727	2.4508	-0.952	-1.524	3	4
-0.85	9.525	1.2564082168	3.6608	1.5875	2.517	-1.09	-1.675	3	4
-0.85	9.525	1.2564501785	3.6565	1.5025	2.5847	-1.235	-1.831	3	4
-0.85	9.525	1.2564922594	3.6516	1.4195	2.6483	-1.365	-1.975	3	4
-0.85	9.525	1.256541016	3.6454	1.3243	2.7188	-1.497	-2.126	3	4
-0.85	9.525	1.2565758251	3.6413	1.247	2.7796	-1.617	-2.26	3	4
-0.85	9.525	1.2566058658	3.6358	1.1543	2.8501	-1.751	-2.412	3	4
-0.85	9.525	1.256630423	3.6297	1.0554	2.9247	-1.89	-2.571	3	4
-0.85	9.525	1.256649258	3.6241	0.9666	2.9912	-2.011	-2.711	3	4
-0.85	9.525	1.256666901	3.6184	0.8786	3.0564	-2.116	-2.841	3	4
-0.85	9.525	1.2566843056	3.6133	0.796	3.1186	-2.219	-2.966	3	4
-0.85	9.525	1.2567029022	3.6081	0.7189	3.1746	-2.306	-3.075	3	4
-0.85	9.525	1.2567193531	3.5961	0.5384	3.3075	-2.499	-3.325	3	4
-0.85	9.525	1.2567206644	3.5944	0.5116	3.3272	-2.522	-3.359	3	4
-0.85	9.525	1.2567209028	3.6349	1.1643	2.8368	-1.711	-2.374	3	4
-0.85	9.525	1.256824138	3.6104	0.7667	3.1155	-2.115	-2.922	3	4
-0.85	9.525	1.2568659805	3.5948	0.582	3.2132	-2.279	-3.117	3	4
-0.85	9.525	1.2569025778	3.5662	0.222	3.4103	-2.441	-3.376	3	4
-0.85	9.525	1.2569056772	3.5815	0.4042	3.2836	-2.308	-3.191	3	4
-0.85	9.525	1.2569155716	3.5582	0.146	3.4312	-2.387	-3.355	3	4
-0.85	9.525	1.256916406	3.5701	0.2782	3.3449	-2.322	-3.247	3	4
-0.85	9.525	1.2569248699	3.5511	0.0858	3.4418	-2.316	-3.314	3	4
-0.85	9.525	1.2569257044	3.5576	0.1526	3.399	-2.295	-3.269	3	4
-0.85	9.525	1.2569329761	3.547	0.0341	3.4531	-2.287	-3.303	3	4
-0.85	9.525	1.2569335722	3.5482	0.0456	3.4446	-2.282	-3.294	3	4
-0.85	9.525	1.256938579	3.5373	-0.0351	3.4594	-2.163	-3.224	3	4
-0.85	9.525	1.2569403671	3.5539	0.1094	3.3671	-2.163	-3.154	3	4
-0.85	9.525	1.2569428705	3.5501	0.0257	3.4215	-2.246	-3.253	3	4
-0.85	9.525	1.2569451355	3.606	0.1656	3.4869	-3.013	-3.857	3	4
-0.85	9.525	1.2569459699	4.4047	2.8982	3.9491	-2.607	-2.504	3	4
