# File generated by 'createIsoFiles.py' on Fri Nov 24 15:30:53 2017.
# Content of file: isochrone table with t = 2.0Gyr, [Fe/H] = 0.35.
# Isochrone tables in this file have been created by
# on the basis of PARSEC isochrones.
# NOTE: templates with M < 0.1 Msun have been.
# removed (considered below LMCO).
# -----------------------------------------------------------------
# FeH	log(age/yr)	M_ini	logL/Lo	logTeff	logg	 B	 V	 stage
0.35	9.3	0.1000000015	-3.2745	3.3679	5.136	21.364	19.443	0
0.35	9.3	0.1070388556	-3.1898	3.3776	5.1197	20.756	18.886	1
0.35	9.3	0.1199999973	-3.047	3.3939	5.0918	19.737	17.947	1
0.35	9.3	0.1400000006	-2.8769	3.4114	5.0587	18.604	16.898	1
0.35	9.3	0.1599999964	-2.7397	3.4246	5.0321	17.734	16.088	1
0.35	9.3	0.200000003	-2.5178	3.4463	4.9939	16.409	14.858	1
0.35	9.3	0.25	-2.3159	3.4631	4.9563	15.394	13.891	1
0.35	9.3	0.3160577714	-2.0982	3.4794	4.9057	14.419	12.964	1
0.35	9.3	0.3284856975	-2.0573	3.4821	4.8921	14.253	12.804	1
0.35	9.3	0.349999994	-1.9925	3.4867	4.8735	13.983	12.54	0
0.35	9.3	0.400000006	-1.8508	3.4987	4.8376	13.38	11.967	0
0.35	9.3	0.4289034605	-1.7655	3.5063	4.8131	13.024	11.63	1
0.35	9.3	0.4499999881	-1.7071	3.5116	4.7966	12.785	11.401	1
0.35	9.3	0.5	-1.5617	3.5254	4.7525	12.199	10.839	1
0.35	9.3	0.5500000119	-1.4124	3.5415	4.7086	11.596	10.268	1
0.35	9.3	0.6000000238	-1.2595	3.5615	4.6737	10.942	9.622	1
0.35	9.3	0.6499999762	-1.1024	3.5872	4.6543	10.21	8.883	1
0.35	9.3	0.6560791135	-1.0833	3.5906	4.6527	10.118	8.792	1
0.35	9.3	0.6999999881	-0.9498	3.6142	4.6419	9.487	8.187	1
0.35	9.3	0.7161855698	-0.8969	3.6262	4.6466	9.207	7.93	1
0.35	9.3	0.75	-0.7897	3.6502	4.6558	8.632	7.428	1
0.35	9.3	0.8000000119	-0.6626	3.6681	4.628	8.081	6.956	1
0.35	9.3	0.8450835943	-0.5497	3.6846	4.605	7.599	6.552	1
0.35	9.3	0.8500000238	-0.5377	3.6864	4.6025	7.549	6.51	1
0.35	9.3	0.9280980825	-0.3513	3.713	4.5608	6.813	5.89	1
0.35	9.3	0.9680032134	-0.2593	3.7253	4.5364	6.477	5.604	1
0.35	9.3	0.9780980945	-0.2365	3.7283	4.5301	6.395	5.535	1
0.35	9.3	1.0159516335	-0.1515	3.7389	4.504	6.099	5.282	1
0.35	9.3	1.0280981064	-0.1247	3.7422	4.4955	6.008	5.204	1
0.35	9.3	1.0615172386	-0.0515	3.7507	4.47	5.766	4.995	1
0.35	9.3	1.0780980587	-0.0158	3.7547	4.4573	5.649	4.894	1
0.35	9.3	1.0825797319	-0.0063	3.7557	4.4536	5.619	4.868	1
0.35	9.3	1.1358590126	0.1046	3.7671	4.4091	5.267	4.561	1
0.35	9.3	1.1561962366	0.1459	3.7712	4.3919	5.137	4.448	1
0.35	9.3	1.2061961889	0.246	3.78	4.3454	4.829	4.179	1
0.35	9.3	1.2442258596	0.3173	3.7861	4.3119	4.605	3.989	1
0.35	9.3	1.2561962605	0.3393	3.7879	4.3012	4.536	3.931	1
0.35	9.3	1.2999750376	0.417	3.7934	4.2605	4.304	3.727	1
0.35	9.3	1.3061962128	0.4278	3.7941	4.2546	4.272	3.699	1
0.35	9.3	1.3540061712	0.5072	3.799	4.2102	4.04	3.493	1
0.35	9.3	1.3842942715	0.5563	3.8015	4.1811	3.902	3.366	1
0.35	9.3	1.4192786217	0.6112	3.8036	4.1453	3.752	3.226	1
0.35	9.3	1.434294343	0.6344	3.8043	4.1292	3.691	3.167	1
0.35	9.3	1.4569481611	0.669	3.8051	4.1049	3.598	3.079	1
0.35	9.3	1.4842941761	0.7103	3.8057	4.074	3.491	2.975	1
0.35	9.3	1.4997364283	0.7327	3.8061	4.0577	3.432	2.918	1
0.35	9.3	1.5390943289	0.789	3.8065	4.0142	3.288	2.776	1
0.35	9.3	1.562392354	0.8218	3.8062	3.9868	3.206	2.693	1
0.35	9.3	1.5711323023	0.8345	3.8055	3.9738	3.177	2.662	1
0.35	9.3	1.5901883841	0.8619	3.8035	3.9436	3.118	2.595	1
0.35	9.3	1.5983433723	0.8735	3.8025	3.9302	3.094	2.567	1
0.35	9.3	1.6119308472	0.8925	3.8009	3.9084	3.055	2.521	1
0.35	9.3	1.6287077665	0.9155	3.7986	3.8807	3.01	2.467	1
0.35	9.3	1.6342942715	0.923	3.7977	3.8713	2.997	2.449	1
0.35	9.3	1.6509394646	0.9452	3.795	3.8426	2.959	2.398	1
0.35	9.3	1.6687240601	0.9679	3.7913	3.8097	2.926	2.346	1
0.35	9.3	1.6702452898	0.9698	3.791	3.8068	2.924	2.342	1
0.35	9.3	1.6769007444	0.9779	3.7896	3.7949	2.913	2.324	1
0.35	9.3	1.6949555874	0.999	3.7856	3.7627	2.889	2.279	1
0.35	9.3	1.7127072811	1.0195	3.7815	3.7303	2.869	2.236	1
0.35	9.3	1.7202451229	1.0282	3.7795	3.7154	2.862	2.218	1
0.35	9.3	1.7297177315	1.0398	3.7768	3.6955	2.851	2.195	1
0.35	9.3	1.7449564934	1.0666	3.7741	3.6616	2.802	2.134	1
0.35	9.3	1.745668292	1.0682	3.7741	3.66	2.798	2.13	1
0.35	9.3	1.7535281181	1.1188	3.78	3.6351	2.631	1.99	1
0.35	9.3	1.7552444935	1.1573	3.7867	3.6239	2.482	1.879	1
0.35	9.3	1.7558306456	1.1949	3.7933	3.613	2.338	1.772	1
0.35	9.3	1.7560836077	1.2305	3.7993	3.6012	2.208	1.672	1
0.35	9.3	1.7561961412	1.2506	3.8027	3.5947	2.138	1.617	1
0.35	9.3	1.7562280893	1.2563	3.8036	3.5928	2.118	1.601	2
0.35	9.3	1.7563176155	1.2133	3.799	3.6171	2.254	1.716	2
0.35	9.3	1.7564150095	1.1894	3.7908	3.6086	2.369	1.79	2
0.35	9.3	1.7565690279	1.1942	3.7813	3.5656	2.43	1.797	2
0.35	9.3	1.756803751	1.1986	3.7717	3.523	2.486	1.809	2
0.35	9.3	1.7572360039	1.1868	3.7603	3.4893	2.587	1.866	2
0.35	9.3	1.7576810122	1.167	3.7516	3.4745	2.695	1.939	2
0.35	9.3	1.7581315041	1.1418	3.744	3.4692	2.811	2.025	2
0.35	9.3	1.7585809231	1.1124	3.7367	3.4697	2.937	2.122	2
0.35	9.3	1.7590295076	1.0806	3.7296	3.4731	3.069	2.226	2
0.35	9.3	1.7594771385	1.0506	3.7226	3.4751	3.199	2.328	2
0.35	9.3	1.7600352764	1.0251	3.7141	3.467	3.33	2.427	2
0.35	9.3	1.7605918646	1.0208	3.7064	3.4404	3.407	2.472	3
0.35	9.3	1.7607982159	1.028	3.7038	3.4229	3.413	2.466	3
0.35	9.3	1.7613132	1.06	3.698	3.3676	3.388	2.415	3
0.35	9.3	1.7617236376	1.0985	3.6939	3.313	3.332	2.34	3
0.35	9.3	1.7620873451	1.1396	3.6906	3.259	3.261	2.253	3
0.35	9.3	1.7624152899	1.1801	3.6878	3.2073	3.189	2.167	3
0.35	9.3	1.762722373	1.2204	3.6853	3.1571	3.115	2.081	3
0.35	9.3	1.7630192041	1.2606	3.6828	3.1068	3.041	1.994	3
0.35	9.3	1.7633055449	1.3006	3.6804	3.0574	2.966	1.907	3
0.35	9.3	1.7635886669	1.34	3.6781	3.0088	2.894	1.823	3
0.35	9.3	1.7639423609	1.3888	3.6753	2.9488	2.803	1.718	3
0.35	9.3	1.7642251253	1.4281	3.673	2.9005	2.73	1.634	3
0.35	9.3	1.7645075321	1.4677	3.6707	2.8518	2.656	1.549	3
0.35	9.3	1.764788866	1.5075	3.6683	2.8026	2.584	1.465	3
0.35	9.3	1.7650654316	1.5473	3.6659	2.7533	2.513	1.382	3
0.35	9.3	1.7653340101	1.5867	3.6635	2.7041	2.443	1.3	3
0.35	9.3	1.7656351328	1.6316	3.6607	2.6481	2.363	1.207	3
0.35	9.3	1.7658959627	1.6711	3.6581	2.5983	2.296	1.127	3
0.35	9.3	1.7662129402	1.7202	3.6549	2.5366	2.213	1.028	3
0.35	9.3	1.7665140629	1.768	3.6518	2.4761	2.136	0.932	3
0.35	9.3	1.7668007612	1.8146	3.6486	2.4169	2.067	0.842	3
0.35	9.3	1.7670763731	1.8591	3.6455	2.3603	2.003	0.756	3
0.35	9.3	1.7673345804	1.8991	3.6427	2.3092	1.945	0.68	3
0.35	9.3	1.7676771879	1.9479	3.6393	2.2467	1.876	0.587	3
0.35	9.3	1.768091917	1.9936	3.6361	2.1883	1.813	0.503	3
0.35	9.3	1.7682775259	2.0031	3.6354	2.1762	1.8	0.485	3
0.35	9.3	1.7685989141	1.9678	3.6381	2.2222	1.846	0.549	3
0.35	9.3	1.7687414885	1.9259	3.6412	2.2764	1.903	0.626	3
0.35	9.3	1.7688483	1.8852	3.6441	2.3288	1.961	0.703	3
0.35	9.3	1.7689464092	1.8442	3.647	2.3817	2.018	0.781	3
0.35	9.3	1.769033432	1.8075	3.6496	2.4288	2.069	0.85	3
0.35	9.3	1.7691280842	1.7693	3.6523	2.4777	2.126	0.925	3
0.35	9.3	1.7692478895	1.7261	3.6554	2.5331	2.193	1.01	3
0.35	9.3	1.7694021463	1.6843	3.6582	2.5863	2.262	1.093	3
0.35	9.3	1.7696484327	1.7311	3.6551	2.5271	2.184	0.999	3
0.35	9.3	1.7699975967	1.7772	3.6519	2.4685	2.112	0.908	3
0.35	9.3	1.770319581	1.8165	3.6493	2.4188	2.053	0.831	3
0.35	9.3	1.7707144022	1.8631	3.6461	2.3593	1.986	0.741	3
0.35	9.3	1.7710498571	1.9021	3.6434	2.3095	1.93	0.667	3
0.35	9.3	1.7714525461	1.9488	3.6401	2.2499	1.863	0.578	3
0.35	9.3	1.771856904	1.996	3.6367	2.1892	1.799	0.491	3
0.35	9.3	1.7722517252	2.0432	3.6333	2.1287	1.734	0.404	3
0.35	9.3	1.772638917	2.0908	3.6299	2.0673	1.67	0.317	3
0.35	9.3	1.7730052471	2.1375	3.6265	2.0071	1.609	0.236	3
0.35	9.3	1.7733623981	2.1849	3.6229	1.9456	1.551	0.155	3
0.35	9.3	1.7736997604	2.2319	3.6194	1.8846	1.495	0.075	3
0.35	9.3	1.7740172148	2.2786	3.6158	1.8237	1.441	0.002	3
0.35	9.3	1.7743159533	2.3251	3.6122	1.7628	1.39	-0.071	3
0.35	9.3	1.7745996714	2.372	3.6086	1.7014	1.338	-0.142	3
0.35	9.3	1.774866581	2.4188	3.6048	1.6396	1.289	-0.207	3
0.35	9.3	1.775113821	2.4651	3.601	1.5783	1.241	-0.271	3
0.35	9.3	1.7753465176	2.5115	3.5972	1.5166	1.197	-0.327	3
0.35	9.3	1.7755637169	2.5578	3.5933	1.4549	1.151	-0.379	3
0.35	9.3	1.7757664919	2.6041	3.5894	1.3928	1.105	-0.428	3
0.35	9.3	1.7759526968	2.6496	3.5854	1.3314	1.066	-0.462	3
0.35	9.3	1.7761279345	2.6953	3.5813	1.2694	1.029	-0.495	3
0.35	9.3	1.7762916088	2.7408	3.5771	1.2073	1.004	-0.512	3
0.35	9.3	1.7764446735	2.7865	3.573	1.1449	0.983	-0.522	3
0.35	9.3	1.7765862942	2.8314	3.5687	1.0828	0.973	-0.52	3
0.35	9.3	1.7767167091	2.8757	3.5643	1.0211	0.981	-0.496	3
0.35	9.3	1.7768387794	2.9202	3.5598	0.9587	1.0	-0.474	3
0.35	9.3	1.7769552469	2.9652	3.5552	0.8952	1.048	-0.434	3
0.35	9.3	1.7770627737	3.0094	3.5506	0.8326	1.094	-0.392	3
0.35	9.3	1.7771648169	3.0538	3.5458	0.7693	1.165	-0.333	3
0.35	9.3	1.7772601843	3.0971	3.5411	0.7072	1.24	-0.267	3
0.35	9.3	1.777284503	3.1081	3.5399	0.6913	1.26	-0.25	4
0.35	9.3	1.7786134481	1.6605	3.6672	2.6482	2.215	1.088	4
0.35	9.3	1.779931426	1.6601	3.6674	2.65	2.213	1.088	4
0.35	9.3	1.7812515497	1.6596	3.6677	2.6519	2.211	1.087	4
0.35	9.3	1.7825700045	1.6593	3.6679	2.6535	2.209	1.086	4
0.35	9.3	1.7838749886	1.6591	3.6682	2.655	2.207	1.085	4
0.35	9.3	1.7851657867	1.6589	3.6684	2.6565	2.204	1.083	4
0.35	9.3	1.7864353657	1.6587	3.6687	2.658	2.202	1.082	4
0.35	9.3	1.7878775597	1.6586	3.669	2.6596	2.199	1.08	4
0.35	9.3	1.7892612219	1.6586	3.6692	2.6608	2.196	1.079	4
0.35	9.3	1.7906661034	1.6589	3.6694	2.6619	2.193	1.076	4
0.35	9.3	1.7920092344	1.6595	3.6696	2.6623	2.189	1.073	4
0.35	9.3	1.7921471596	1.6596	3.6696	2.6623	2.188	1.073	4
0.35	9.3	1.7936533689	1.6601	3.6698	2.663	2.185	1.07	4
0.35	9.3	1.795245409	1.6606	3.67	2.6637	2.181	1.068	4
0.35	9.3	1.7967909575	1.6614	3.6702	2.6639	2.177	1.065	4
0.35	9.3	1.7983100414	1.6625	3.6704	2.6638	2.173	1.061	4
0.35	9.3	1.8000061512	1.6635	3.6705	2.6638	2.169	1.057	4
0.35	9.3	1.8016648293	1.6648	3.6707	2.6636	2.164	1.053	4
0.35	9.3	1.8032793999	1.6662	3.6708	2.6631	2.159	1.049	4
0.35	9.3	1.8050293922	1.6679	3.6709	2.6621	2.154	1.044	4
0.35	9.3	1.8067311049	1.6699	3.671	2.6608	2.148	1.038	4
0.35	9.3	1.8084408045	1.6723	3.671	2.6589	2.142	1.032	4
0.35	9.3	1.8101187944	1.675	3.671	2.6567	2.135	1.026	4
0.35	9.3	1.8104480505	1.6755	3.671	2.6562	2.134	1.024	4
0.35	9.3	1.8119283915	1.6782	3.6709	2.6537	2.128	1.018	4
0.35	9.3	1.8137806654	1.6819	3.6708	2.65	2.119	1.009	4
0.35	9.3	1.815603137	1.6862	3.6707	2.6456	2.111	0.999	4
0.35	9.3	1.8174220324	1.6911	3.6704	2.6401	2.101	0.989	4
0.35	9.3	1.8192430735	1.697	3.6701	2.6334	2.09	0.976	4
0.35	9.3	1.8210994005	1.7033	3.6698	2.6261	2.078	0.962	4
0.35	9.3	1.8229886293	1.7104	3.6693	2.6176	2.065	0.948	4
0.35	9.3	1.8249272108	1.7162	3.669	2.6112	2.054	0.935	4
0.35	9.3	1.8269354105	1.7243	3.6685	2.6015	2.04	0.918	4
0.35	9.3	1.8289728165	1.7448	3.6668	2.5748	2.008	0.878	4
0.35	9.3	1.8307768106	1.7831	3.6636	2.5241	1.949	0.804	4
0.35	9.3	1.8315794468	1.8235	3.6602	2.4702	1.891	0.726	4
0.35	9.3	1.832020998	1.8668	3.6567	2.4129	1.834	0.646	4
0.35	9.3	1.832272768	1.9125	3.653	2.3524	1.773	0.56	4
0.35	9.3	1.8324036598	1.9567	3.6494	2.2941	1.714	0.477	4
0.35	9.3	1.8324756622	2.0008	3.6459	2.2357	1.658	0.397	4
0.35	9.3	1.8325185776	2.0431	3.6425	2.1799	1.603	0.32	4
0.35	9.3	1.8325439692	2.0766	3.6398	2.1356	1.56	0.259	7
0.35	9.3	1.832544446	2.0773	3.6397	2.1347	1.56	0.257	7
0.35	9.3	1.8325488567	2.0842	3.6392	2.1256	1.551	0.245	7
0.35	9.3	1.8325731754	2.1209	3.6363	2.0772	1.505	0.181	7
0.35	9.3	1.832595706	2.1525	3.6338	2.0356	1.465	0.125	7
0.35	9.3	1.8326179981	2.1623	3.633	2.0228	1.453	0.107	7
0.35	9.3	1.8326500654	2.1643	3.6329	2.0202	1.451	0.104	7
0.35	9.3	1.8327060938	2.1439	3.6345	2.0471	1.476	0.14	7
0.35	9.3	1.8327503204	2.1267	3.6359	2.0699	1.497	0.17	7
0.35	9.3	1.8328459263	2.1148	3.6368	2.0857	1.512	0.191	7
0.35	9.3	1.8330250978	2.098	3.6382	2.108	1.532	0.22	7
0.35	9.3	1.8342815638	2.0903	3.639	2.119	1.54	0.232	7
0.35	9.3	1.8355195522	2.1183	3.6368	2.0826	1.504	0.182	7
0.35	9.3	1.8363674879	2.1546	3.6339	2.0351	1.458	0.118	7
0.35	9.3	1.8370058537	2.1947	3.6307	1.9822	1.409	0.048	7
0.35	9.3	1.837500453	2.2354	3.6274	1.9286	1.363	-0.02	7
0.35	9.3	1.8378973007	2.2757	3.6242	1.8752	1.318	-0.087	7
0.35	9.3	1.8382271528	2.3158	3.6209	1.822	1.275	-0.152	7
0.35	9.3	1.8385081291	2.3555	3.6176	1.7693	1.233	-0.214	7
0.35	9.3	1.8387606144	2.3957	3.6143	1.7159	1.191	-0.274	7
0.35	9.3	1.8389946222	2.4368	3.6108	1.6611	1.15	-0.336	7
0.35	9.3	1.8392109871	2.4784	3.6073	1.6054	1.109	-0.392	7
0.35	9.3	1.8394112587	2.521	3.6036	1.5481	1.069	-0.448	7
0.35	9.3	1.8395918608	2.5656	3.5997	1.4882	1.026	-0.506	7
0.35	9.3	1.8397445679	2.6118	3.5957	1.4257	0.981	-0.555	7
0.35	9.3	1.8398616314	2.6577	3.5916	1.3634	0.937	-0.603	7
0.35	9.3	1.8399493694	2.6987	3.5878	1.3075	0.903	-0.637	7
0.35	9.3	1.8400204182	2.7369	3.5843	1.2552	0.874	-0.662	7
0.35	9.3	1.8400826454	2.774	3.5808	1.2039	0.846	-0.686	7
0.35	9.3	1.8401398659	2.8113	3.5772	1.1522	0.831	-0.693	7
0.35	9.3	1.8401947021	2.85	3.5734	1.0984	0.818	-0.696	7
0.35	9.3	1.8402490616	2.8908	3.5693	1.0412	0.81	-0.693	7
0.35	9.3	1.8403054476	2.934	3.5649	0.9804	0.826	-0.667	7
0.35	9.3	1.8403571844	2.9735	3.5608	0.9244	0.848	-0.648	7
0.35	9.3	1.8404122591	3.0155	3.5563	0.8646	0.892	-0.609	7
0.35	9.3	1.8404678106	3.056	3.5519	0.8065	0.939	-0.566	7
0.35	9.3	1.8405268192	3.0965	3.5474	0.748	1.002	-0.51	7
0.35	9.3	1.8405867815	3.1354	3.543	0.6916	1.076	-0.444	7
0.35	9.3	1.8406494856	3.1744	3.5385	0.6346	1.162	-0.37	7
0.35	9.3	1.8407149315	3.2142	3.5339	0.5762	1.273	-0.281	7
0.35	9.3	1.8407753706	3.2536	3.5292	0.5181	1.395	-0.184	7
0.35	9.3	1.840795517	3.1938	3.5361	0.6057	1.22	-0.322	7
0.35	9.3	1.8407982588	3.1925	3.5362	0.6075	1.219	-0.323	7
0.35	9.3	1.8408027887	3.2564	3.5288	0.514	1.405	-0.177	7
0.35	9.3	1.8408054113	3.2769	3.5263	0.4835	1.478	-0.124	7
0.35	9.3	1.84080863	3.2969	3.5238	0.4535	1.551	-0.069	7
0.35	9.3	1.8408130407	3.3186	3.5211	0.4208	1.631	-0.008	7
0.35	9.3	1.8408218622	3.3259	3.5202	0.41	1.657	0.012	7
0.35	9.3	1.8408228159	3.318	3.5212	0.4219	1.628	-0.01	8
0.35	9.3	1.8408229351	3.3244	3.5194	0.4089	1.706	0.06	8
0.35	9.3	1.8408230543	3.3364	3.5159	0.3848	1.86	0.213	8
0.35	9.3	1.8408238888	3.3434	3.5141	0.3713	1.94	0.292	8
0.35	9.3	1.8408247232	3.3448	3.5139	0.3689	1.949	0.301	8
0.35	9.3	1.8408254385	3.3463	3.5136	0.3665	1.958	0.31	8
0.35	9.3	1.840826273	3.3477	3.5134	0.3642	1.967	0.318	8
0.35	9.3	1.8408271074	3.3491	3.5132	0.3618	1.976	0.327	8
0.35	9.3	1.8408279419	3.3506	3.5129	0.3594	1.985	0.336	8
0.35	9.3	1.8408286572	3.352	3.5127	0.357	1.994	0.344	8
0.35	9.3	1.8408294916	3.3534	3.5125	0.3546	2.003	0.353	8
0.35	9.3	1.8408303261	3.3548	3.5122	0.3523	2.012	0.362	8
0.35	9.3	1.8408311605	3.3563	3.512	0.3499	2.021	0.371	8
0.35	9.3	1.8408318758	3.3577	3.5118	0.3475	2.03	0.38	8
0.35	9.3	1.8408327103	3.3591	3.5116	0.3451	2.039	0.388	8
0.35	9.3	1.8408335447	3.3606	3.5113	0.3428	2.048	0.397	8
0.35	9.3	1.8408343792	3.362	3.5111	0.3404	2.057	0.406	8
0.35	9.3	1.8408352137	3.3634	3.5109	0.338	2.066	0.415	8
0.35	9.3	1.8408359289	3.3649	3.5106	0.3356	2.075	0.423	8
0.35	9.3	1.8408367634	3.3663	3.5104	0.3332	2.084	0.432	8
0.35	9.3	1.8408375978	3.3677	3.5102	0.3309	2.093	0.441	8
0.35	9.3	1.8408384323	3.3691	3.5099	0.3285	2.102	0.45	8
0.35	9.3	1.8408391476	3.3706	3.5097	0.3261	2.11	0.458	8
0.35	9.3	1.840839982	3.372	3.5095	0.3237	2.119	0.466	8
0.35	9.3	1.8408408165	3.3734	3.5092	0.3213	2.128	0.474	8
0.35	9.3	1.840841651	3.3749	3.509	0.319	2.136	0.482	8
0.35	9.3	1.8408423662	3.3763	3.5088	0.3166	2.145	0.491	8
0.35	9.3	1.8408432007	3.3777	3.5085	0.3142	2.154	0.499	8
0.35	9.3	1.8408440351	3.3791	3.5083	0.3118	2.162	0.507	8
0.35	9.3	1.8408448696	3.3808	3.5081	0.3093	2.17	0.515	8
0.35	9.3	1.8408457041	3.3824	3.5079	0.3067	2.178	0.522	8
0.35	9.3	1.8408465385	3.384	3.5076	0.3041	2.187	0.53	8
0.35	9.3	1.840847373	3.3856	3.5074	0.3016	2.195	0.538	8
0.35	9.3	1.8408482075	3.3873	3.5072	0.299	2.203	0.546	8
0.35	9.3	1.8408490419	3.3889	3.5069	0.2964	2.211	0.553	8
0.35	9.3	1.8408498764	3.3905	3.5067	0.2939	2.219	0.561	8
0.35	9.3	1.8408507109	3.3921	3.5065	0.2913	2.227	0.569	8
0.35	9.3	1.8408515453	3.3938	3.5062	0.2887	2.236	0.577	8
0.35	9.3	1.8408523798	3.3954	3.506	0.2862	2.244	0.584	8
0.35	9.3	1.8408532143	3.397	3.5058	0.2836	2.252	0.592	8
0.35	9.3	1.8408540487	3.3986	3.5056	0.281	2.26	0.6	8
0.35	9.3	1.8408548832	3.4003	3.5053	0.2785	2.269	0.608	8
0.35	9.3	1.8408555984	3.4019	3.5051	0.2759	2.277	0.616	8
0.35	9.3	1.8408564329	3.4035	3.5049	0.2733	2.285	0.623	8
0.35	9.3	1.8408572674	3.4051	3.5046	0.2708	2.294	0.631	8
0.35	9.3	1.8408581018	3.4067	3.5044	0.2682	2.302	0.639	8
0.35	9.3	1.8408589363	3.4084	3.5042	0.2656	2.31	0.647	8
0.35	9.3	1.8408597708	3.41	3.5039	0.2631	2.319	0.655	8
0.35	9.3	1.8408606052	3.4116	3.5037	0.2605	2.327	0.663	8
0.35	9.3	1.8408614397	3.4132	3.5035	0.2579	2.336	0.671	8
0.35	9.3	1.8408622742	3.4149	3.5033	0.2553	2.344	0.679	8
0.35	9.3	1.8408631086	3.4165	3.503	0.2528	2.352	0.687	8
0.35	9.3	1.8408639431	3.4181	3.5028	0.2502	2.361	0.695	8
0.35	9.3	1.8408647776	3.4197	3.5026	0.2476	2.369	0.702	8
0.35	9.3	1.840865612	3.4214	3.5023	0.2451	2.378	0.71	8
0.35	9.3	1.8408664465	3.4226	3.5022	0.2431	2.384	0.716	8
0.35	9.3	1.840867281	3.4238	3.502	0.2412	2.39	0.722	8
0.35	9.3	1.8408682346	3.425	3.5018	0.2393	2.396	0.728	8
0.35	9.3	1.8408690691	3.4263	3.5017	0.2373	2.403	0.734	8
0.35	9.3	1.8408699036	3.4275	3.5015	0.2354	2.409	0.74	8
0.35	9.3	1.840870738	3.4287	3.5013	0.2335	2.415	0.746	8
0.35	9.3	1.8408715725	3.4299	3.5011	0.2315	2.421	0.751	8
0.35	9.3	1.8408725262	3.4312	3.501	0.2296	2.428	0.757	8
0.35	9.3	1.8408733606	3.4324	3.5008	0.2277	2.434	0.763	8
0.35	9.3	1.8408741951	3.4336	3.5006	0.2257	2.44	0.769	8
0.35	9.3	1.8408750296	3.4349	3.5005	0.2238	2.446	0.775	8
0.35	9.3	1.840875864	3.4361	3.5003	0.2219	2.453	0.781	8
0.35	9.3	1.8408768177	3.4373	3.5001	0.2199	2.459	0.787	8
0.35	9.3	1.8408776522	3.4385	3.5	0.218	2.465	0.793	8
0.35	9.3	1.8408784866	3.4398	3.4998	0.2161	2.471	0.798	8
0.35	9.3	1.8408793211	3.441	3.4996	0.2141	2.476	0.803	8
0.35	9.3	1.8408801556	3.4422	3.4995	0.2122	2.482	0.808	8
0.35	9.3	1.84088099	3.4434	3.4993	0.2103	2.488	0.813	8
0.35	9.3	1.8408819437	3.4447	3.4991	0.2083	2.494	0.818	8
0.35	9.3	1.8408827782	3.4459	3.4989	0.2064	2.499	0.824	8
0.35	9.3	1.8408836126	3.4471	3.4988	0.2045	2.505	0.829	8
0.35	9.3	1.8408844471	3.4483	3.4986	0.2025	2.511	0.834	8
0.35	9.3	1.8408852816	3.4496	3.4984	0.2006	2.516	0.839	8
0.35	9.3	1.8408862352	3.4508	3.4983	0.1987	2.522	0.845	8
0.35	9.3	1.8408870697	3.452	3.4981	0.1967	2.528	0.85	8
0.35	9.3	1.8408879042	3.4533	3.4979	0.1948	2.534	0.855	8
0.35	9.3	1.8408888578	3.4542	3.4978	0.1933	2.538	0.859	8
0.35	9.3	1.8408896923	3.4551	3.4977	0.1918	2.543	0.864	8
0.35	9.3	1.840890646	3.4561	3.4975	0.1902	2.548	0.868	8
0.35	9.3	1.8408915997	3.457	3.4974	0.1887	2.553	0.872	8
0.35	9.3	1.8408924341	3.458	3.4972	0.1872	2.557	0.877	8
0.35	9.3	1.8408933878	3.4589	3.4971	0.1857	2.562	0.881	8
0.35	9.3	1.8408943415	3.4598	3.497	0.1842	2.567	0.885	8
0.35	9.3	1.8408951759	3.4608	3.4968	0.1827	2.572	0.89	8
0.35	9.3	1.8408961296	3.4617	3.4967	0.1811	2.576	0.894	8
0.35	9.3	1.8408970833	3.4627	3.4966	0.1796	2.581	0.898	8
0.35	9.3	1.8408979177	3.4636	3.4964	0.1781	2.586	0.903	8
0.35	9.3	1.8408988714	3.4645	3.4963	0.1766	2.591	0.907	8
0.35	9.3	1.8408997059	3.4655	3.4962	0.1751	2.596	0.912	8
0.35	9.3	1.8409006596	3.4664	3.496	0.1736	2.6	0.916	8
0.35	9.3	1.8409016132	3.4674	3.4959	0.172	2.605	0.92	8
0.35	9.3	1.8409024477	3.4683	3.4958	0.1705	2.61	0.925	8
0.35	9.3	1.8409034014	3.4692	3.4956	0.169	2.615	0.929	8
0.35	9.3	1.840904355	3.4702	3.4955	0.1675	2.62	0.934	8
0.35	9.3	1.8409051895	3.4711	3.4954	0.166	2.624	0.938	8
0.35	9.3	1.8409061432	3.4721	3.4952	0.1645	2.629	0.942	8
0.35	9.3	1.8409070969	3.473	3.4951	0.163	2.634	0.947	8
0.35	9.3	1.8409079313	3.474	3.4949	0.1614	2.639	0.951	8
0.35	9.3	1.840908885	3.4749	3.4948	0.1599	2.644	0.956	8
0.35	9.3	1.8409098387	3.4758	3.4947	0.1584	2.649	0.96	8
0.35	9.3	1.8409106731	3.4768	3.4945	0.1569	2.654	0.965	8
0.35	9.3	1.8409116268	3.4777	3.4944	0.1554	2.658	0.969	8
0.35	9.3	1.8409125805	3.4788	3.4942	0.1536	2.665	0.975	8
0.35	9.3	1.840913415	3.4799	3.4941	0.1518	2.671	0.98	8
0.35	9.3	1.8409143686	3.4811	3.4939	0.1499	2.677	0.986	8
0.35	9.3	1.8409152031	3.4822	3.4937	0.1481	2.683	0.991	8
0.35	9.3	1.8409161568	3.4833	3.4936	0.1463	2.689	0.997	8
0.35	9.3	1.8409169912	3.4844	3.4934	0.1445	2.695	1.003	8
0.35	9.3	1.8409179449	3.4855	3.4932	0.1427	2.701	1.008	8
0.35	9.3	1.8409187794	3.4866	3.4931	0.1409	2.707	1.014	8
0.35	9.3	1.840919733	3.4877	3.4929	0.1391	2.713	1.019	8
0.35	9.3	1.8409205675	3.4888	3.4928	0.1373	2.719	1.025	8
0.35	9.3	1.8409215212	3.4899	3.4926	0.1355	2.725	1.031	8
0.35	9.3	1.8409223557	3.4911	3.4924	0.1337	2.731	1.036	8
0.35	9.3	1.8409233093	3.4922	3.4923	0.1319	2.738	1.042	8
0.35	9.3	1.840924263	3.4933	3.4921	0.1301	2.744	1.048	8
0.35	9.3	1.8409250975	3.4944	3.4919	0.1283	2.75	1.053	8
0.35	9.3	1.8409260511	3.4955	3.4918	0.1264	2.756	1.059	8
0.35	9.3	1.8409268856	3.4966	3.4916	0.1246	2.762	1.065	8
0.35	9.3	1.8409278393	3.4977	3.4914	0.1228	2.769	1.07	8
0.35	9.3	1.8409286737	3.4988	3.4913	0.121	2.775	1.076	8
0.35	9.3	1.8409296274	3.5	3.4911	0.1192	2.781	1.082	8
0.35	9.3	1.8409304619	3.5011	3.4909	0.1174	2.787	1.088	8
0.35	9.3	1.8409314156	3.5022	3.4908	0.1156	2.793	1.093	8
0.35	9.3	1.84093225	3.5033	3.4906	0.1138	2.8	1.099	8
0.35	9.3	1.8409332037	3.5044	3.4904	0.112	2.806	1.105	8
0.35	9.3	1.8409340382	3.5055	3.4903	0.1102	2.812	1.111	8
0.35	9.3	1.8409349918	3.5066	3.4901	0.1084	2.818	1.116	8
0.35	9.3	1.8409359455	3.5084	3.4899	0.1056	2.827	1.125	8
0.35	9.3	1.8409368992	3.5101	3.4896	0.1027	2.834	1.132	8
0.35	9.3	1.8409378529	3.5118	3.4893	0.0999	2.842	1.139	8
0.35	9.3	1.8409388065	3.5136	3.4891	0.0971	2.849	1.147	8
0.35	9.3	1.8409397602	3.5153	3.4888	0.0943	2.857	1.154	8
0.35	9.3	1.8409407139	3.517	3.4886	0.0915	2.864	1.162	8
0.35	9.3	1.8409417868	3.5188	3.4883	0.0887	2.872	1.17	8
0.35	9.3	1.8409427404	3.5205	3.488	0.0859	2.879	1.177	8
0.35	9.3	1.8409436941	3.5223	3.4878	0.0831	2.887	1.185	8
0.35	9.3	1.8409446478	3.524	3.4875	0.0803	2.894	1.192	8
0.35	9.3	1.8409456015	3.5257	3.4873	0.0774	2.902	1.2	8
0.35	9.3	1.8409465551	3.5275	3.487	0.0746	2.91	1.208	8
0.35	9.3	1.8409475088	3.5292	3.4868	0.0718	2.917	1.215	8
0.35	9.3	1.8409484625	3.5309	3.4865	0.069	2.925	1.223	8
0.35	9.3	1.8409494162	3.5327	3.4862	0.0662	2.933	1.231	8
0.35	9.3	1.8409503698	3.5344	3.486	0.0634	2.941	1.239	8
0.35	9.3	1.8409513235	3.5361	3.4857	0.0606	2.949	1.247	8
0.35	9.3	1.8409522772	3.5379	3.4855	0.0578	2.956	1.254	8
0.35	9.3	1.8409532309	3.5396	3.4852	0.055	2.964	1.262	8
0.35	9.3	1.8409543037	3.5414	3.4849	0.0521	2.972	1.27	8
0.35	9.3	1.8409552574	3.5431	3.4847	0.0493	2.98	1.278	8
0.35	9.3	1.8409562111	3.5448	3.4844	0.0465	2.988	1.286	8
0.35	9.3	1.8409571648	3.5466	3.4842	0.0437	2.996	1.294	8
0.35	9.3	1.8409581184	3.5483	3.4839	0.0409	3.004	1.302	8
0.35	9.3	1.8409590721	3.55	3.4837	0.0381	3.012	1.31	8
0.35	9.3	1.8409600258	3.5518	3.4834	0.0353	3.02	1.318	8
0.35	9.3	1.8409615755	3.5528	3.4832	0.0335	3.026	1.324	8
0.35	9.3	1.8409632444	3.5538	3.4831	0.0317	3.031	1.329	8
0.35	9.3	1.8409647942	3.5549	3.4829	0.0299	3.037	1.335	8
0.35	9.3	1.8409664631	3.5559	3.4827	0.0281	3.043	1.34	8
0.35	9.3	1.8409680128	3.557	3.4825	0.0263	3.048	1.346	8
0.35	9.3	1.8409696817	3.558	3.4824	0.0245	3.054	1.351	8
0.35	9.3	1.8409712315	3.559	3.4822	0.0227	3.059	1.357	8
0.35	9.3	1.8409729004	3.5601	3.482	0.0209	3.065	1.363	8
0.35	9.3	1.8409744501	3.5611	3.4819	0.0191	3.071	1.368	8
0.35	9.3	1.840976119	3.5622	3.4817	0.0173	3.076	1.374	8
0.35	9.3	1.8409776688	3.5632	3.4815	0.0155	3.082	1.38	8
0.35	9.3	1.8409793377	3.5642	3.4814	0.0137	3.088	1.385	8
0.35	9.3	1.8409808874	3.5653	3.4812	0.0119	3.093	1.391	8
0.35	9.3	1.8409824371	3.5663	3.481	0.0101	3.099	1.397	8
0.35	9.3	1.8409841061	3.5673	3.4809	0.0083	3.105	1.402	8
0.35	9.3	1.8409856558	3.5684	3.4807	0.0065	3.111	1.408	8
0.35	9.3	1.8409873247	3.5694	3.4805	0.0047	3.116	1.414	8
0.35	9.3	1.8409888744	3.5705	3.4803	0.0029	3.122	1.419	8
0.35	9.3	1.8409905434	3.5715	3.4802	0.0011	3.128	1.425	8
0.35	9.3	1.8409920931	3.5725	3.48	-0.0006	3.132	1.43	8
0.35	9.3	1.840993762	3.5736	3.4798	-0.0024	3.133	1.431	8
0.35	9.3	1.8409953117	3.5746	3.4797	-0.0042	3.134	1.432	8
0.35	9.3	1.8409969807	3.5757	3.4795	-0.006	3.135	1.434	8
0.35	9.3	1.8409985304	3.5767	3.4793	-0.0078	3.136	1.435	8
0.35	9.3	1.8410001993	3.5777	3.4792	-0.0096	3.136	1.436	8
0.35	9.3	1.841001749	3.5788	3.479	-0.0114	3.137	1.437	8
0.35	9.3	1.8410032988	3.58	3.4788	-0.0136	3.138	1.438	8
0.35	9.3	1.8410048485	3.5813	3.4786	-0.0158	3.139	1.439	8
0.35	9.3	1.8410063982	3.5826	3.4784	-0.018	3.14	1.441	8
0.35	9.3	1.8410079479	3.5838	3.4782	-0.0201	3.14	1.442	8
0.35	9.3	1.8410096169	3.5851	3.478	-0.0223	3.141	1.443	8
0.35	9.3	1.8410111666	3.5863	3.4777	-0.0245	3.142	1.444	8
0.35	9.3	1.8410127163	3.5876	3.4775	-0.0267	3.142	1.445	8
0.35	9.3	1.841014266	3.5889	3.4773	-0.0288	3.143	1.447	8
0.35	9.3	1.8410158157	3.5901	3.4771	-0.031	3.144	1.448	8
0.35	9.3	1.8410173655	3.5914	3.4769	-0.0332	3.144	1.449	8
0.35	9.3	1.8410189152	3.5926	3.4767	-0.0354	3.145	1.45	8
0.35	9.3	1.8410204649	3.5939	3.4765	-0.0375	3.145	1.451	8
0.35	9.3	1.8410220146	3.5952	3.4763	-0.0397	3.146	1.452	8
0.35	9.3	1.8410236835	3.5964	3.4761	-0.0419	3.146	1.453	8
0.35	9.3	1.8410252333	3.5977	3.4759	-0.0441	3.147	1.454	8
0.35	9.3	1.841026783	3.5989	3.4757	-0.0462	3.147	1.455	8
0.35	9.3	1.8410283327	3.6002	3.4755	-0.0484	3.148	1.456	8
0.35	9.3	1.8410298824	3.6015	3.4753	-0.0506	3.148	1.456	8
0.35	9.3	1.8410314322	3.6027	3.4751	-0.0528	3.148	1.457	8
0.35	9.3	1.8410329819	3.604	3.4749	-0.0549	3.149	1.458	8
0.35	9.3	1.8410345316	3.6052	3.4746	-0.0571	3.149	1.459	8
0.35	9.3	1.8410362005	3.6065	3.4744	-0.0593	3.149	1.46	8
0.35	9.3	1.8410377502	3.6078	3.4742	-0.0615	3.149	1.46	8
0.35	9.3	1.8410393	3.609	3.474	-0.0636	3.15	1.461	8
0.35	9.3	1.8410408497	3.6103	3.4738	-0.0658	3.15	1.462	8
0.35	9.3	1.8410423994	3.6115	3.4736	-0.068	3.15	1.463	8
0.35	9.3	1.8410440683	3.6125	3.4734	-0.0697	3.15	1.463	8
0.35	9.3	1.8410457373	3.6134	3.4733	-0.0714	3.151	1.464	8
0.35	9.3	1.8410474062	3.6144	3.4731	-0.0731	3.151	1.465	8
0.35	9.3	1.8410489559	3.6153	3.4729	-0.0748	3.151	1.466	8
0.35	9.3	1.8410506248	3.6162	3.4728	-0.0766	3.151	1.466	8
0.35	9.3	1.8410522938	3.6172	3.4726	-0.0783	3.152	1.467	8
0.35	9.3	1.8410539627	3.6181	3.4724	-0.08	3.152	1.468	8
0.35	9.3	1.8410556316	3.619	3.4723	-0.0817	3.152	1.468	8
0.35	9.3	1.8410573006	3.62	3.4721	-0.0834	3.152	1.469	8
0.35	9.3	1.8410588503	3.6209	3.4719	-0.0851	3.153	1.47	8
0.35	9.3	1.8410605192	3.6218	3.4718	-0.0868	3.153	1.47	8
0.35	9.3	1.8410621881	3.6228	3.4716	-0.0885	3.153	1.471	8
0.35	9.3	1.8410638571	3.6237	3.4714	-0.0902	3.153	1.471	8
0.35	9.3	1.841065526	3.6247	3.4713	-0.0919	3.153	1.472	8
0.35	9.3	1.8410671949	3.6256	3.4711	-0.0937	3.153	1.473	8
0.35	9.3	1.8410688639	3.6265	3.4709	-0.0954	3.153	1.473	8
0.35	9.3	1.8410704136	3.6275	3.4708	-0.0971	3.153	1.474	8
0.35	9.3	1.8410720825	3.6284	3.4706	-0.0988	3.153	1.474	8
0.35	9.3	1.8410737514	3.6293	3.4704	-0.1005	3.153	1.475	8
0.35	9.3	1.8410754204	3.6303	3.4703	-0.1022	3.153	1.475	8
0.35	9.3	1.8410770893	3.6312	3.4701	-0.1039	3.153	1.476	8
0.35	9.3	1.8410787582	3.6321	3.4699	-0.1056	3.153	1.476	8
0.35	9.3	1.841080308	3.6331	3.4698	-0.1073	3.152	1.475	8
0.35	9.3	1.8410819769	3.634	3.4696	-0.1091	3.151	1.474	8
0.35	9.3	1.8410836458	3.635	3.4694	-0.1108	3.149	1.473	8
0.35	9.3	1.8410853148	3.6359	3.4693	-0.1125	3.148	1.472	8
0.35	9.3	1.8410868645	3.6373	3.469	-0.1151	3.146	1.471	8
0.35	9.3	1.8410884142	3.6388	3.4688	-0.1177	3.144	1.469	8
0.35	9.3	1.8410899639	3.6403	3.4685	-0.1203	3.142	1.468	8
0.35	9.3	1.8410915136	3.6417	3.4682	-0.1229	3.141	1.467	8
0.35	9.3	1.8410930634	3.6432	3.468	-0.1255	3.139	1.465	8
0.35	9.3	1.8410946131	3.6446	3.4677	-0.1281	3.136	1.464	8
0.35	9.3	1.8410961628	3.6461	3.4675	-0.1307	3.134	1.462	8
0.35	9.3	1.8410977125	3.6475	3.4672	-0.1333	3.132	1.46	8
0.35	9.3	1.8410992622	3.649	3.4669	-0.1359	3.13	1.459	8
0.35	9.3	1.841100812	3.6505	3.4667	-0.1385	3.128	1.457	8
0.35	9.3	1.8411023617	3.6519	3.4664	-0.1411	3.126	1.456	8
0.35	9.3	1.8411039114	3.6534	3.4662	-0.1437	3.124	1.454	8
0.35	9.3	1.8411054611	3.6548	3.4659	-0.1463	3.121	1.452	8
0.35	9.3	1.8411071301	3.6563	3.4656	-0.1489	3.119	1.451	8
0.35	9.3	1.8411086798	3.6577	3.4654	-0.1516	3.117	1.449	8
0.35	9.3	1.8411102295	3.6592	3.4651	-0.1542	3.114	1.447	8
0.35	9.3	1.8411117792	3.6607	3.4649	-0.1568	3.112	1.445	8
0.35	9.3	1.8411133289	3.6621	3.4646	-0.1594	3.109	1.443	8
0.35	9.3	1.8411148787	3.6636	3.4643	-0.162	3.107	1.442	8
0.35	9.3	1.8411164284	3.665	3.4641	-0.1646	3.104	1.44	8
0.35	9.3	1.8411179781	3.6665	3.4638	-0.1672	3.102	1.438	8
0.35	9.3	1.8411195278	3.6679	3.4636	-0.1698	3.099	1.436	8
0.35	9.3	1.8411210775	3.6694	3.4633	-0.1724	3.097	1.434	8
0.35	9.3	1.8411226273	3.6709	3.4631	-0.175	3.094	1.432	8
0.35	9.3	1.841124177	3.6723	3.4628	-0.1776	3.091	1.43	8
0.35	9.3	1.8411257267	3.6738	3.4625	-0.1802	3.089	1.428	8
0.35	9.3	1.8411272764	3.6747	3.4624	-0.1819	3.087	1.427	8
0.35	9.3	1.8411288261	3.6755	3.4622	-0.1836	3.085	1.426	8
0.35	9.3	1.8411303759	3.6764	3.462	-0.1853	3.084	1.424	8
0.35	9.3	1.8411319256	3.6773	3.4619	-0.187	3.082	1.423	8
0.35	9.3	1.8411334753	3.6782	3.4617	-0.1887	3.081	1.422	8
0.35	9.3	1.841135025	3.6791	3.4615	-0.1904	3.079	1.421	8
0.35	9.3	1.8411364555	3.68	3.4613	-0.1921	3.077	1.42	8
0.35	9.3	1.8411380053	3.6808	3.4612	-0.1938	3.076	1.418	8
0.35	9.3	1.841139555	3.6817	3.461	-0.1955	3.074	1.417	8
0.35	9.3	1.8411411047	3.6826	3.4608	-0.1972	3.072	1.416	8
0.35	9.3	1.8411426544	3.6835	3.4607	-0.1989	3.071	1.415	8
0.35	9.3	1.8411442041	3.6844	3.4605	-0.2006	3.069	1.413	8
0.35	9.3	1.8411457539	3.6852	3.4603	-0.2023	3.067	1.412	8
0.35	9.3	1.8411473036	3.6861	3.4601	-0.204	3.065	1.411	8
0.35	9.3	1.8411488533	3.687	3.46	-0.2056	3.063	1.409	8
0.35	9.3	1.841150403	3.6879	3.4598	-0.2073	3.06	1.407	8
0.35	9.3	1.8411519527	3.6888	3.4596	-0.209	3.057	1.405	8
0.35	9.3	1.8411535025	3.6897	3.4595	-0.2107	3.053	1.403	8
0.35	9.3	1.8411550522	3.6905	3.4593	-0.2124	3.05	1.4	8
0.35	9.3	1.8411564827	3.6914	3.4591	-0.2141	3.047	1.398	8
0.35	9.3	1.8411580324	3.6923	3.4589	-0.2158	3.044	1.396	8
0.35	9.3	1.8411595821	3.6932	3.4588	-0.2175	3.04	1.393	8
0.35	9.3	1.8411611319	3.6941	3.4586	-0.2192	3.037	1.391	8
0.35	9.3	1.8411626816	3.695	3.4584	-0.2209	3.034	1.389	8
0.35	9.3	1.8411642313	3.6958	3.4583	-0.2226	3.031	1.386	8
0.35	9.3	1.841165781	3.6967	3.4581	-0.2243	3.027	1.384	8
0.35	9.3	1.8411673307	3.6974	3.4579	-0.2257	3.025	1.382	8
0.35	9.3	1.8411688805	3.6981	3.4578	-0.2272	3.022	1.38	8
0.35	9.3	1.8411705494	3.6988	3.4577	-0.2286	3.019	1.379	8
0.35	9.3	1.8411720991	3.6995	3.4575	-0.23	3.016	1.377	8
0.35	9.3	1.8411736488	3.7002	3.4574	-0.2315	3.014	1.375	8
0.35	9.3	1.8411751986	3.7009	3.4572	-0.2329	3.011	1.373	8
0.35	9.3	1.8411767483	3.7016	3.4571	-0.2344	3.008	1.371	8
0.35	9.3	1.8411784172	3.7023	3.4569	-0.2358	3.006	1.369	8
0.35	9.3	1.8411799669	3.703	3.4568	-0.2372	3.003	1.368	8
0.35	9.3	1.8411815166	3.7037	3.4566	-0.2387	3.0	1.366	8
0.35	9.3	1.8411830664	3.7044	3.4565	-0.2401	2.998	1.364	8
0.35	9.3	1.8411846161	3.7051	3.4563	-0.2415	2.995	1.362	8
0.35	9.3	1.841186285	3.7058	3.4562	-0.243	2.992	1.36	8
0.35	9.3	1.8411878347	3.7065	3.456	-0.2444	2.989	1.358	8
0.35	9.3	1.8411893845	3.7072	3.4559	-0.2458	2.987	1.356	8
0.35	9.3	1.8411909342	3.7079	3.4558	-0.2473	2.984	1.354	8
0.35	9.3	1.8411924839	3.7086	3.4556	-0.2487	2.981	1.352	8
0.35	9.3	1.8411940336	3.7093	3.4555	-0.2502	2.978	1.351	8
0.35	9.3	1.8411957026	3.71	3.4553	-0.2516	2.976	1.349	8
0.35	9.3	1.8411972523	3.7107	3.4552	-0.253	2.973	1.347	8
0.35	9.3	1.841198802	3.7114	3.455	-0.2545	2.97	1.345	8
0.35	9.3	1.8412003517	3.7121	3.4549	-0.2559	2.967	1.343	8
0.35	9.3	1.8412019014	3.7128	3.4547	-0.2573	2.964	1.341	8
0.35	9.3	1.8412035704	3.7135	3.4546	-0.2588	2.962	1.339	8
0.35	9.3	1.8412051201	3.7142	3.4544	-0.2602	2.959	1.337	8
0.35	9.3	1.8412066698	3.7149	3.4543	-0.2616	2.956	1.335	8
0.35	9.3	1.8412081003	3.7158	3.4541	-0.2635	2.952	1.333	8
0.35	9.3	1.8412095308	3.7167	3.4539	-0.2654	2.949	1.33	8
0.35	9.3	1.8412110806	3.7176	3.4537	-0.2672	2.945	1.328	8
0.35	9.3	1.8412125111	3.7185	3.4535	-0.2691	2.942	1.326	8
0.35	9.3	1.8412139416	3.7193	3.4533	-0.2709	2.938	1.323	8
0.35	9.3	1.8412153721	3.7202	3.4531	-0.2728	2.934	1.321	8
0.35	9.3	1.8412168026	3.7211	3.4529	-0.2746	2.931	1.318	8
0.35	9.3	1.8412183523	3.722	3.4528	-0.2765	2.927	1.316	8
0.35	9.3	1.8412197828	3.7229	3.4526	-0.2783	2.924	1.313	8
0.35	9.3	1.8412212133	3.7238	3.4524	-0.2802	2.92	1.311	8
0.35	9.3	1.8412226439	3.7247	3.4522	-0.282	2.916	1.308	8
0.35	9.3	1.8412240744	3.7256	3.452	-0.2839	2.913	1.306	8
0.35	9.3	1.8412256241	3.7265	3.4518	-0.2857	2.909	1.303	8
0.35	9.3	1.8412270546	3.7274	3.4516	-0.2876	2.905	1.301	8
0.35	9.3	1.8412284851	3.7283	3.4514	-0.2895	2.902	1.298	8
0.35	9.3	1.8412299156	3.7292	3.4512	-0.2913	2.898	1.296	8
0.35	9.3	1.8412313461	3.7301	3.451	-0.2932	2.894	1.293	8
0.35	9.3	1.8412327766	3.731	3.4508	-0.295	2.891	1.291	8
0.35	9.3	1.8412343264	3.7319	3.4506	-0.2969	2.887	1.288	8
0.35	9.3	1.8412357569	3.7328	3.4504	-0.2987	2.883	1.286	8
0.35	9.3	1.8412371874	3.7337	3.4502	-0.3006	2.879	1.283	8
0.35	9.3	1.8412386179	3.7346	3.45	-0.3024	2.876	1.281	8
0.35	9.3	1.8412400484	3.7355	3.4499	-0.3043	2.872	1.278	8
0.35	9.3	1.8412415981	3.7364	3.4497	-0.3061	2.867	1.275	8
0.35	9.3	1.8412430286	3.7373	3.4495	-0.308	2.863	1.272	8
0.35	9.3	1.8412444592	3.7382	3.4493	-0.3099	2.859	1.269	8
0.35	9.3	1.8412458897	3.7388	3.4491	-0.3116	2.855	1.267	8
0.35	9.3	1.8412473202	3.7395	3.4489	-0.3134	2.852	1.265	8
0.35	9.3	1.8412488699	3.7402	3.4487	-0.3151	2.848	1.262	8
0.35	9.3	1.8412503004	3.7409	3.4485	-0.3169	2.845	1.26	8
0.35	9.3	1.8412517309	3.7416	3.4483	-0.3186	2.841	1.258	8
0.35	9.3	1.8412531614	3.7423	3.4481	-0.3204	2.838	1.256	8
0.35	9.3	1.8412547112	3.743	3.4479	-0.3221	2.834	1.253	8
0.35	9.3	1.8412561417	3.7437	3.4477	-0.3239	2.831	1.251	8
0.35	9.3	1.8412575722	3.7444	3.4476	-0.3256	2.827	1.249	8
0.35	9.3	1.8412590027	3.745	3.4474	-0.3274	2.824	1.246	8
0.35	9.3	1.8412605524	3.7457	3.4472	-0.3291	2.82	1.244	8
0.35	9.3	1.8412619829	3.7464	3.447	-0.3309	2.817	1.242	8
0.35	9.3	1.8412634134	3.7471	3.4468	-0.3327	2.813	1.239	8
0.35	9.3	1.8412648439	3.7478	3.4466	-0.3344	2.809	1.237	8
0.35	9.3	1.8412662745	3.7485	3.4464	-0.3362	2.806	1.235	8
0.35	9.3	1.8412678242	3.7492	3.4462	-0.3379	2.802	1.232	8
0.35	9.3	1.8412692547	3.7499	3.446	-0.3397	2.799	1.23	8
0.35	9.3	1.8412706852	3.7506	3.4458	-0.3414	2.795	1.228	8
0.35	9.3	1.8412721157	3.7512	3.4456	-0.3432	2.791	1.225	8
0.35	9.3	1.8412736654	3.7519	3.4455	-0.345	2.788	1.223	8
0.35	9.3	1.8412750959	3.7526	3.4453	-0.3467	2.784	1.221	8
0.35	9.3	1.8412765265	3.7533	3.4451	-0.3485	2.781	1.218	8
0.35	9.3	1.841277957	3.754	3.4449	-0.3502	2.777	1.216	8
0.35	9.3	1.8412795067	3.7547	3.4447	-0.352	2.773	1.213	8
0.35	9.3	1.8412809372	3.7554	3.4445	-0.3537	2.77	1.211	8
0.35	9.3	1.8412823677	3.7561	3.4443	-0.3555	2.766	1.209	8
0.35	9.3	1.841283679	3.7567	3.444	-0.3579	2.762	1.206	8
0.35	9.3	1.8412851095	3.7573	3.4438	-0.3602	2.758	1.204	8
0.35	9.3	1.8412864208	3.7579	3.4435	-0.3626	2.754	1.202	8
0.35	9.3	1.8412878513	3.7585	3.4432	-0.3649	2.75	1.2	8
0.35	9.3	1.8412891626	3.7592	3.4429	-0.3673	2.746	1.198	8
0.35	9.3	1.8412905931	3.7598	3.4427	-0.3696	2.742	1.195	8
0.35	9.3	1.8412919044	3.7604	3.4424	-0.372	2.738	1.193	8
0.35	9.3	1.8412932158	3.761	3.4421	-0.3743	2.734	1.191	8
0.35	9.3	1.8412946463	3.7616	3.4418	-0.3767	2.73	1.188	8
0.35	9.3	1.8412959576	3.7622	3.4416	-0.379	2.726	1.186	8
0.35	9.3	1.8412973881	3.7629	3.4413	-0.3814	2.722	1.184	8
0.35	9.3	1.8412986994	3.7635	3.441	-0.3838	2.718	1.181	8
0.35	9.3	1.8413000107	3.7641	3.4407	-0.3861	2.714	1.179	8
0.35	9.3	1.8413014412	3.7647	3.4404	-0.3885	2.71	1.177	8
0.35	9.3	1.8413027525	3.7653	3.4402	-0.3908	2.706	1.174	8
0.35	9.3	1.841304183	3.766	3.4399	-0.3932	2.703	1.173	8
0.35	9.3	1.8413054943	3.7666	3.4396	-0.3956	2.7	1.172	8
0.35	9.3	1.8413069248	3.7672	3.4393	-0.3979	2.698	1.17	8
0.35	9.3	1.8413082361	3.7678	3.4391	-0.4003	2.696	1.169	8
0.35	9.3	1.8413095474	3.7684	3.4388	-0.4027	2.693	1.168	8
0.35	9.3	1.8413109779	3.769	3.4385	-0.405	2.691	1.167	8
0.35	9.3	1.8413122892	3.7697	3.4382	-0.4074	2.689	1.166	8
0.35	9.3	1.8413137197	3.7703	3.438	-0.4098	2.687	1.165	8
0.35	9.3	1.8413150311	3.7709	3.4377	-0.4121	2.684	1.164	8
0.35	9.3	1.8413164616	3.7715	3.4374	-0.4145	2.682	1.163	8
0.35	9.3	1.8413177729	3.7721	3.4371	-0.4169	2.68	1.163	8
0.35	9.3	1.8413190842	3.7727	3.4365	-0.4215	2.678	1.163	8
0.35	9.3	1.8413203955	3.7733	3.4359	-0.4261	2.676	1.163	8
0.35	9.3	1.8413217068	3.7739	3.4354	-0.4307	2.675	1.164	8
0.35	9.3	1.8413230181	3.7745	3.4348	-0.4353	2.673	1.165	8
0.35	9.3	1.8413243294	3.7751	3.4342	-0.4399	2.671	1.165	8
0.35	9.3	1.8413256407	3.7758	3.4336	-0.4445	2.67	1.166	8
0.35	9.3	1.841326952	3.7764	3.433	-0.4491	2.668	1.167	8
0.35	9.3	1.8413282633	3.777	3.4324	-0.4538	2.667	1.167	8
0.35	9.3	1.8413295746	3.7776	3.4318	-0.4584	2.665	1.168	8
0.35	9.3	1.8413308859	3.7782	3.4312	-0.4631	2.664	1.169	8
0.35	9.3	1.8413321972	3.7788	3.4306	-0.4677	2.663	1.17	8
0.35	9.3	1.8413335085	3.7794	3.43	-0.4724	2.662	1.171	8
0.35	9.3	1.8413348198	3.78	3.4294	-0.4771	2.691	1.194	8
0.35	9.3	1.8413361311	3.7806	3.4288	-0.4817	2.723	1.219	8
0.35	9.3	1.8413374424	3.7812	3.4283	-0.4864	2.756	1.245	8
0.35	9.3	1.8413387537	3.7818	3.4277	-0.4911	2.79	1.272	8
0.35	9.3	1.841340065	3.7824	3.4271	-0.4958	2.824	1.298	8
0.35	9.3	1.8413413763	3.783	3.4265	-0.5005	2.86	1.326	8
0.35	9.3	1.8413426876	3.7836	3.4259	-0.5052	2.903	1.359	8
0.35	9.3	1.8413439989	3.7842	3.4253	-0.5099	2.945	1.391	8
0.35	9.3	1.8413453102	3.7848	3.4247	-0.5146	2.988	1.424	8
0.35	9.3	1.8413466215	3.7854	3.4241	-0.5194	3.031	1.456	8
0.35	9.3	1.8413479328	3.786	3.4235	-0.5241	3.073	1.488	8
0.35	9.3	1.8413492441	3.7866	3.4229	-0.5289	3.116	1.521	8
0.35	9.3	1.8413505554	3.7872	3.4223	-0.5336	3.158	1.553	8
0.35	9.3	1.8413518667	3.7878	3.4218	-0.5384	3.201	1.586	8
0.35	9.3	1.841353178	3.7884	3.4205	-0.5478	3.293	1.656	8
0.35	9.3	1.8413543701	3.7889	3.4192	-0.5573	3.385	1.727	8
0.35	9.3	1.8413555622	3.7895	3.418	-0.5668	3.477	1.797	8
0.35	9.3	1.8413568735	3.7901	3.4167	-0.5763	3.569	1.868	8
0.35	9.3	1.8413581848	3.7907	3.4155	-0.5859	3.661	1.938	8
0.35	9.3	1.8413593769	3.7912	3.4142	-0.5955	3.753	2.009	8
0.35	9.3	1.8413606882	3.7918	3.413	-0.6051	3.845	2.079	8
0.35	9.3	1.8413618803	3.7924	3.4117	-0.6148	3.937	2.15	8
0.35	9.3	1.8413631916	3.793	3.4105	-0.6246	4.028	2.22	8
0.35	9.3	1.8413643837	3.7935	3.4092	-0.6343	4.12	2.291	8
0.35	9.3	1.8413655758	3.7941	3.408	-0.6441	4.212	2.361	8
0.35	9.3	1.8413668871	3.7947	3.4067	-0.654	4.304	2.432	8
0.35	9.3	1.8413681984	3.7952	3.4055	-0.6639	4.396	2.502	8
0.35	9.3	1.8413693905	3.7958	3.4042	-0.6738	4.488	2.573	8
0.35	9.3	1.8413705826	3.7964	3.4029	-0.6838	4.58	2.644	8
0.35	9.3	1.8413718939	3.797	3.4017	-0.6938	4.672	2.714	8
0.35	9.3	1.8413732052	3.7975	3.4004	-0.7039	4.764	2.785	8
0.35	9.3	1.8413743973	3.7981	3.3992	-0.714	4.856	2.855	8
0.35	9.3	1.8413755894	3.7987	3.3979	-0.7242	4.948	2.926	8
0.35	9.3	1.8413769007	3.7992	3.3967	-0.7344	5.04	2.996	8
0.35	9.3	1.841378212	3.7998	3.3954	-0.7446	5.132	3.067	8
0.35	9.3	1.8413794041	3.8004	3.3942	-0.755	5.224	3.137	8
0.35	9.3	1.8413805962	3.801	3.3929	-0.7653	5.316	3.208	8
0.35	9.3	1.8413819075	3.8015	3.3917	-0.7757	5.408	3.278	8
0.35	9.3	1.8413832188	3.8021	3.3904	-0.7862	5.5	3.349	8
0.35	9.3	1.8413844109	3.8027	3.3892	-0.7967	5.592	3.419	8
0.35	9.3	1.841385603	3.8038	3.3939	-0.7858	5.233	3.142	8
0.35	9.3	1.841386795	3.805	3.3987	-0.7749	4.874	2.865	8
0.35	9.3	1.8413879871	3.8062	3.4035	-0.7642	4.516	2.588	8
0.35	9.3	1.8413891792	3.8073	3.4083	-0.7536	4.157	2.311	8
0.35	9.3	1.8413903713	3.8085	3.413	-0.7431	3.798	2.034	8
0.35	9.3	1.8413915634	3.8097	3.4178	-0.7328	3.439	1.757	8
0.35	9.3	1.8413928747	3.8108	3.4226	-0.7225	3.08	1.48	8
0.35	9.3	1.8413940668	3.812	3.4274	-0.7125	2.722	1.203	8
0.35	9.3	1.8413952589	3.8131	3.4321	-0.7025	2.487	1.017	8
0.35	9.3	1.841396451	3.8143	3.4369	-0.6928	2.405	0.942	8
0.35	9.3	1.8413976431	3.8155	3.4417	-0.6831	2.338	0.878	8
0.35	9.3	1.8413988352	3.8166	3.4465	-0.6737	2.297	0.833	8
0.35	9.3	1.8414000273	3.8178	3.4513	-0.6644	2.255	0.786	8
0.35	9.3	1.8414012194	3.8189	3.456	-0.6553	2.208	0.735	8
0.35	9.3	1.8414024115	3.8201	3.4608	-0.6463	2.158	0.682	8
0.35	9.3	1.8414036036	3.8213	3.4656	-0.6376	2.089	0.62	8
0.35	9.3	1.8414047956	3.8224	3.4704	-0.6291	2.019	0.557	8
0.35	9.3	1.8414059877	3.8236	3.4751	-0.6207	1.931	0.473	8
0.35	9.3	1.8414071798	3.8248	3.4799	-0.6126	1.844	0.388	8
0.35	9.3	1.8414084911	3.8259	3.4847	-0.6047	1.727	0.255	8
0.35	9.3	1.8414096832	3.8271	3.4895	-0.5971	1.61	0.121	8
0.35	9.3	1.8414108753	3.8282	3.4942	-0.5897	1.443	-0.044	8
0.35	9.3	1.8414120674	3.8294	3.499	-0.5825	1.269	-0.212	8
0.35	9.3	1.8414132595	3.8306	3.5038	-0.5757	1.068	-0.417	8
0.35	9.3	1.8414144516	3.8317	3.5086	-0.5691	0.86	-0.631	8
0.35	9.3	1.8414156437	3.8329	3.5133	-0.5628	0.634	-0.87	8
0.35	9.3	1.8414158821	3.833	3.5147	-0.5596	0.57	-0.937	8
0.35	9.3	1.8414160013	3.8331	3.516	-0.5564	0.507	-1.005	8
0.35	9.3	1.8414161205	3.8333	3.5173	-0.5532	0.443	-1.073	8
0.35	9.3	1.8414163589	3.8334	3.5186	-0.5501	0.38	-1.14	8
0.35	9.3	1.8414165974	3.8335	3.5199	-0.5469	0.317	-1.208	8
0.35	9.3	1.8414167166	3.8337	3.5212	-0.5437	0.256	-1.262	8
0.35	9.3	1.8414168358	3.8338	3.5225	-0.5406	0.196	-1.316	8
0.35	9.3	1.8414170742	3.8339	3.5238	-0.5374	0.135	-1.369	8
0.35	9.3	1.8414173126	3.834	3.5251	-0.5343	0.075	-1.422	8
0.35	9.3	1.8414174318	3.8342	3.5264	-0.5311	0.015	-1.476	8
0.35	9.3	1.841417551	3.8343	3.5277	-0.528	-0.045	-1.529	8
0.35	9.3	1.8414177895	3.8344	3.529	-0.5249	-0.106	-1.582	8
0.35	9.3	1.8414180279	3.8346	3.5303	-0.5218	-0.165	-1.636	8
0.35	9.3	1.8414181471	3.8347	3.5316	-0.5187	-0.222	-1.691	8
0.35	9.3	1.8414182663	3.8348	3.5329	-0.5156	-0.279	-1.746	8
0.35	9.3	1.8414185047	3.8349	3.5342	-0.5126	-0.336	-1.802	8
0.35	9.3	1.8414187431	3.8351	3.5355	-0.5095	-0.393	-1.857	8
0.35	9.3	1.8414188623	3.8352	3.5368	-0.5064	-0.451	-1.912	8
0.35	9.3	1.8414189816	3.8353	3.5381	-0.5034	-0.508	-1.968	8
0.35	9.3	1.84141922	3.8355	3.5395	-0.5004	-0.565	-2.023	8
0.35	9.3	1.8414194584	3.8356	3.5408	-0.4973	-0.618	-2.078	8
0.35	9.3	1.8414195776	3.8357	3.5421	-0.4943	-0.668	-2.133	8
0.35	9.3	1.8414196968	3.8358	3.5434	-0.4913	-0.718	-2.188	8
0.35	9.3	1.8414199352	3.836	3.5447	-0.4883	-0.768	-2.243	8
0.35	9.3	1.8414201736	3.8361	3.546	-0.4853	-0.817	-2.298	8
0.35	9.3	1.8414202929	3.8362	3.5473	-0.4823	-0.867	-2.353	8
