# File generated by 'createIsoFiles.py' on Fri Nov 24 15:30:49 2017.
# Content of file: isochrone table with t = 1.88Gyr, [Fe/H] = -0.05.
# Isochrone tables in this file have been created by
# on the basis of PARSEC isochrones.
# NOTE: templates with M < 0.1 Msun have been.
# removed (considered below LMCO).
# -----------------------------------------------------------------
# FeH	log(age/yr)	M_ini	logL/Lo	logTeff	logg	 B	 V	 stage
-0.05	9.275	0.1000000015	-3.2303	3.3927	5.191	20.499	18.556	0
-0.05	9.275	0.1026685908	-3.1918	3.3978	5.1844	20.193	18.271	0
-0.05	9.275	0.1068733782	-3.1328	3.4056	5.1742	19.726	17.836	1
-0.05	9.275	0.1199999973	-2.9622	3.4283	5.1446	18.376	16.576	1
-0.05	9.275	0.1400000006	-2.7812	3.4476	5.1076	17.227	15.512	1
-0.05	9.275	0.1599999964	-2.6399	3.4611	5.0784	16.414	14.743	1
-0.05	9.275	0.200000003	-2.4242	3.4798	5.0344	15.31	13.698	1
-0.05	9.275	0.25	-2.2222	3.496	4.9941	14.381	12.804	1
-0.05	9.275	0.3095943034	-2.0338	3.5083	4.9479	13.63	12.092	1
-0.05	9.275	0.3352991343	-1.95	3.5127	4.9163	13.328	11.804	1
-0.05	9.275	0.349999994	-1.9083	3.5154	4.9039	13.17	11.655	0
-0.05	9.275	0.400000006	-1.7639	3.5263	4.8613	12.607	11.119	0
-0.05	9.275	0.4499999881	-1.6135	3.5386	4.8112	12.029	10.571	0
-0.05	9.275	0.4798050523	-1.5176	3.5478	4.7799	11.656	10.215	1
-0.05	9.275	0.5	-1.4561	3.5537	4.7601	11.421	9.99	1
-0.05	9.275	0.5500000119	-1.2922	3.5729	4.7141	10.763	9.356	1
-0.05	9.275	0.5508708954	-1.2892	3.5733	4.7135	10.75	9.344	1
-0.05	9.275	0.6000000238	-1.1281	3.5962	4.6812	10.079	8.714	1
-0.05	9.275	0.6332325339	-1.018	3.6148	4.6687	9.59	8.28	1
-0.05	9.275	0.6499999762	-0.9644	3.6239	4.6628	9.348	8.071	1
-0.05	9.275	0.6999999881	-0.808	3.6522	4.6518	8.581	7.432	1
-0.05	9.275	0.7180242538	-0.7534	3.6625	4.6493	8.305	7.209	1
-0.05	9.275	0.75	-0.6598	3.68	4.6449	7.851	6.841	1
-0.05	9.275	0.7734085917	-0.5956	3.6899	4.6337	7.585	6.619	1
-0.05	9.275	0.8000000119	-0.5248	3.701	4.6217	7.296	6.377	1
-0.05	9.275	0.8171808124	-0.4797	3.7078	4.6131	7.121	6.23	1
-0.05	9.275	0.8500000238	-0.3958	3.7204	4.5969	6.801	5.962	1
-0.05	9.275	0.8999999762	-0.2727	3.738	4.5689	6.361	5.591	1
-0.05	9.275	0.9258598089	-0.2108	3.7462	4.5522	6.148	5.411	1
-0.05	9.275	0.9499999881	-0.1541	3.7537	4.5365	5.958	5.251	1
-0.05	9.275	0.9888619781	-0.0643	3.7646	4.5077	5.668	5.002	1
-0.05	9.275	1.0	-0.0389	3.7676	4.4994	5.586	4.932	1
-0.05	9.275	1.0088118315	-0.0189	3.7698	4.4921	5.523	4.878	1
-0.05	9.275	1.0499999523	0.0732	3.7799	4.4576	5.23	4.63	1
-0.05	9.275	1.0696653128	0.1165	3.7843	4.44	5.094	4.518	1
-0.05	9.275	1.1000000238	0.1825	3.7909	4.4124	4.889	4.347	1
-0.05	9.275	1.1018868685	0.1866	3.7913	4.4106	4.877	4.336	1
-0.05	9.275	1.1308820248	0.2484	3.7971	4.3833	4.69	4.177	1
-0.05	9.275	1.1499999762	0.2885	3.8007	4.3651	4.57	4.073	1
-0.05	9.275	1.1667404175	0.3232	3.8039	4.3492	4.468	3.984	1
-0.05	9.275	1.2000000477	0.3914	3.8098	4.3169	4.269	3.808	1
-0.05	9.275	1.25	0.4877	3.8176	4.2695	3.993	3.561	1
-0.05	9.275	1.2721235752	0.528	3.8207	4.2492	3.878	3.457	1
-0.05	9.275	1.3363412619	0.6413	3.8282	4.1871	3.561	3.167	1
-0.05	9.275	1.3451122046	0.6564	3.829	4.1783	3.519	3.128	1
-0.05	9.275	1.3743051291	0.7054	3.8317	4.1492	3.385	3.003	1
-0.05	9.275	1.3951121569	0.7398	3.8331	4.1271	3.292	2.915	1
-0.05	9.275	1.3999167681	0.7478	3.8335	4.1222	3.27	2.895	1
-0.05	9.275	1.4432753325	0.8192	3.8358	4.073	3.08	2.713	1
-0.05	9.275	1.4451122284	0.8223	3.8358	4.0708	3.072	2.706	1
-0.05	9.275	1.4662307501	0.8561	3.8359	4.0436	2.986	2.62	1
-0.05	9.275	1.4913133383	0.8961	3.8351	4.0079	2.886	2.519	1
-0.05	9.275	1.4951122999	0.9021	3.8349	4.0022	2.871	2.504	1
-0.05	9.275	1.5114190578	0.9276	3.834	3.9777	2.81	2.44	1
-0.05	9.275	1.5293284655	0.9552	3.8322	3.9479	2.745	2.371	1
-0.05	9.275	1.545112133	0.9793	3.8298	3.9187	2.693	2.312	1
-0.05	9.275	1.5529494286	0.9912	3.8286	3.9044	2.666	2.282	1
-0.05	9.275	1.5729951859	1.0211	3.8251	3.8661	2.604	2.209	1
-0.05	9.275	1.5933483839	1.0506	3.8205	3.8236	2.548	2.138	1
-0.05	9.275	1.5951122046	1.0531	3.82	3.8196	2.543	2.132	1
-0.05	9.275	1.6032363176	1.0646	3.8178	3.8017	2.523	2.105	1
-0.05	9.275	1.6220664978	1.0901	3.8121	3.7582	2.483	2.045	1
-0.05	9.275	1.6382151842	1.1114	3.8067	3.7198	2.454	1.996	1
-0.05	9.275	1.6451121569	1.1207	3.8042	3.7025	2.442	1.976	1
-0.05	9.275	1.6546763182	1.1334	3.8008	3.6783	2.426	1.947	1
-0.05	9.275	1.6700805426	1.1612	3.7968	3.6388	2.377	1.881	1
-0.05	9.275	1.677251935	1.2107	3.8047	3.6225	2.21	1.748	1
-0.05	9.275	1.6783701181	1.2388	3.8116	3.6226	2.106	1.67	1
-0.05	9.275	1.6787910461	1.2655	3.8188	3.6249	2.006	1.596	1
-0.05	9.275	1.6790198088	1.2935	3.8267	3.6285	1.901	1.518	1
-0.05	9.275	1.6791473627	1.3152	3.8332	3.6327	1.819	1.458	1
-0.05	9.275	1.6791965961	1.3234	3.8358	3.6347	1.789	1.436	2
-0.05	9.275	1.6792631149	1.2958	3.8308	3.6425	1.878	1.509	2
-0.05	9.275	1.6793080568	1.276	3.8253	3.6403	1.951	1.564	2
-0.05	9.275	1.6793782711	1.2602	3.8167	3.6217	2.029	1.611	2
-0.05	9.275	1.679489255	1.2636	3.8065	3.5774	2.067	1.612	2
-0.05	9.275	1.6796774864	1.2724	3.7963	3.5279	2.098	1.601	2
-0.05	9.275	1.679972887	1.2704	3.7862	3.4896	2.164	1.617	2
-0.05	9.275	1.6805073023	1.2532	3.7737	3.4569	2.289	1.682	2
-0.05	9.275	1.6810418367	1.227	3.7635	3.4427	2.417	1.77	2
-0.05	9.275	1.6815896034	1.1923	3.7537	3.4382	2.564	1.879	2
-0.05	9.275	1.6819825172	1.1631	3.7466	3.4393	2.682	1.97	2
-0.05	9.275	1.6823437214	1.1358	3.7401	3.4406	2.794	2.055	2
-0.05	9.275	1.6828215122	1.1075	3.7317	3.4354	2.923	2.151	2
-0.05	9.275	1.6834170818	1.0976	3.7223	3.4076	3.017	2.208	2
-0.05	9.275	1.6836547852	1.0978	3.7187	3.3932	3.044	2.221	3
-0.05	9.275	1.6840308905	1.1207	3.7144	3.3531	3.021	2.18	3
-0.05	9.275	1.6845076084	1.1571	3.7095	3.2973	2.97	2.108	3
-0.05	9.275	1.6849193573	1.1962	3.7059	3.2441	2.903	2.025	3
-0.05	9.275	1.685303688	1.2365	3.703	3.1922	2.828	1.937	3
-0.05	9.275	1.6856751442	1.2775	3.7004	3.1408	2.749	1.846	3
-0.05	9.275	1.6860375404	1.3188	3.6979	3.0897	2.669	1.754	3
-0.05	9.275	1.6864844561	1.3709	3.6949	3.0256	2.567	1.637	3
-0.05	9.275	1.6868387461	1.4125	3.6925	2.9744	2.486	1.544	3
-0.05	9.275	1.6871923208	1.4535	3.6902	2.9244	2.404	1.452	3
-0.05	9.275	1.6876336336	1.5041	3.6874	2.8626	2.306	1.341	3
-0.05	9.275	1.6880691051	1.554	3.6845	2.8016	2.209	1.231	3
-0.05	9.275	1.6884536743	1.5983	3.682	2.7473	2.123	1.133	3
-0.05	9.275	1.688852787	1.6451	3.6792	2.6894	2.033	1.031	3
-0.05	9.275	1.6892092228	1.6871	3.6767	2.6373	1.955	0.941	3
-0.05	9.275	1.6895589828	1.7295	3.674	2.5844	1.876	0.85	3
-0.05	9.275	1.6899094582	1.7731	3.6712	2.5296	1.796	0.757	3
-0.05	9.275	1.6902661324	1.8182	3.6683	2.4731	1.717	0.662	3
-0.05	9.275	1.6905800104	1.8582	3.6657	2.4226	1.651	0.579	3
-0.05	9.275	1.6909111738	1.9012	3.6628	2.3683	1.581	0.49	3
-0.05	9.275	1.6912279129	1.9427	3.66	2.3156	1.513	0.405	3
-0.05	9.275	1.6916037798	1.9904	3.6568	2.2549	1.439	0.309	3
-0.05	9.275	1.692075491	2.0393	3.6534	2.1929	1.363	0.211	3
-0.05	9.275	1.6924198866	2.0606	3.652	2.1659	1.33	0.168	3
-0.05	9.275	1.6928242445	2.0214	3.6548	2.2165	1.388	0.245	3
-0.05	9.275	1.6930015087	1.9771	3.658	2.2735	1.456	0.333	3
-0.05	9.275	1.6931394339	1.9312	3.6613	2.3326	1.526	0.425	3
-0.05	9.275	1.6932865381	1.8744	3.6652	2.4051	1.618	0.542	3
-0.05	9.275	1.6934047937	1.8298	3.6683	2.4621	1.689	0.633	3
-0.05	9.275	1.6935364008	1.7845	3.6714	2.5197	1.766	0.728	3
-0.05	9.275	1.6937493086	1.7299	3.6751	2.5892	1.864	0.843	3
-0.05	9.275	1.6937750578	1.725	3.6754	2.5955	1.873	0.853	3
-0.05	9.275	1.6941776276	1.7743	3.6722	2.5334	1.783	0.748	3
-0.05	9.275	1.6946129799	1.8202	3.6692	2.4756	1.702	0.651	3
-0.05	9.275	1.6950711012	1.8636	3.6663	2.4208	1.631	0.562	3
-0.05	9.275	1.6951122284	1.8675	3.6661	2.416	1.625	0.554	3
-0.05	9.275	1.6952269077	1.8779	3.6654	2.4028	1.607	0.532	3
-0.05	9.275	1.6957037449	1.9206	3.6626	2.3492	1.537	0.443	3
-0.05	9.275	1.6962780952	1.9712	3.6591	2.2845	1.456	0.34	3
-0.05	9.275	1.6967334747	2.0122	3.6563	2.2325	1.392	0.258	3
-0.05	9.275	1.6971696615	2.0523	3.6535	2.1815	1.33	0.177	3
-0.05	9.275	1.6975947618	2.0923	3.6506	2.1301	1.27	0.098	3
-0.05	9.275	1.6980067492	2.1324	3.6479	2.0789	1.21	0.019	3
-0.05	9.275	1.6984866858	2.1812	3.6443	2.0161	1.14	-0.074	3
-0.05	9.275	1.6988594532	2.2209	3.6415	1.9653	1.084	-0.15	3
-0.05	9.275	1.6992179155	2.2608	3.6386	1.9138	1.031	-0.224	3
-0.05	9.275	1.69955194	2.2998	3.6357	1.8634	0.981	-0.296	3
-0.05	9.275	1.6998690367	2.3388	3.6328	1.8129	0.931	-0.368	3
-0.05	9.275	1.700168848	2.3775	3.6299	1.7627	0.882	-0.438	3
-0.05	9.275	1.7005206347	2.4261	3.6264	1.7	0.821	-0.524	3
-0.05	9.275	1.7008435726	2.4736	3.6227	1.638	0.765	-0.607	3
-0.05	9.275	1.7010895014	2.5118	3.6198	1.588	0.72	-0.673	3
-0.05	9.275	1.7013765574	2.5598	3.6161	1.5255	0.664	-0.755	3
-0.05	9.275	1.7016394138	2.6067	3.6124	1.4638	0.608	-0.833	3
-0.05	9.275	1.7018857002	2.654	3.6086	1.4015	0.551	-0.91	3
-0.05	9.275	1.7021144629	2.7011	3.6049	1.3395	0.496	-0.984	3
-0.05	9.275	1.7023262978	2.7479	3.6012	1.2778	0.441	-1.058	3
-0.05	9.275	1.702521801	2.7941	3.5973	1.2162	0.392	-1.125	3
-0.05	9.275	1.7027021646	2.8396	3.5935	1.1554	0.344	-1.189	3
-0.05	9.275	1.7028715611	2.8855	3.5896	1.0941	0.297	-1.253	3
-0.05	9.275	1.7030292749	2.9312	3.5857	1.0327	0.254	-1.307	3
-0.05	9.275	1.7031730413	2.9755	3.5816	0.9723	0.222	-1.358	3
-0.05	9.275	1.7033087015	3.0199	3.5775	0.9114	0.206	-1.398	3
-0.05	9.275	1.7034339905	3.0636	3.5734	0.8515	0.192	-1.433	3
-0.05	9.275	1.703550458	3.1067	3.5694	0.7921	0.18	-1.467	3
-0.05	9.275	1.7036625147	3.1506	3.5651	0.7313	0.177	-1.484	3
-0.05	9.275	1.703766346	3.1929	3.5609	0.672	0.175	-1.501	3
-0.05	9.275	1.7038193941	3.2147	3.5586	0.6413	0.181	-1.5	4
-0.05	9.275	1.7049008608	1.7275	3.686	2.6382	1.759	0.786	4
-0.05	9.275	1.7060835361	1.7331	3.6857	2.6319	1.747	0.773	4
-0.05	9.275	1.7073076963	1.7325	3.6861	2.6341	1.746	0.773	4
-0.05	9.275	1.708527565	1.7322	3.6864	2.636	1.743	0.772	4
-0.05	9.275	1.7096461058	1.7321	3.6867	2.6374	1.741	0.771	4
-0.05	9.275	1.7108539343	1.7322	3.6869	2.6387	1.738	0.769	4
-0.05	9.275	1.7120814323	1.7323	3.6872	2.64	1.735	0.767	4
-0.05	9.275	1.7132139206	1.7325	3.6874	2.6411	1.732	0.765	4
-0.05	9.275	1.7143685818	1.7329	3.6877	2.6419	1.729	0.763	4
-0.05	9.275	1.7156026363	1.7337	3.6879	2.6422	1.725	0.76	4
-0.05	9.275	1.7168650627	1.7347	3.6881	2.6424	1.72	0.756	4
-0.05	9.275	1.7180736065	1.7356	3.6883	2.6426	1.716	0.753	4
-0.05	9.275	1.7192701101	1.7365	3.6885	2.6427	1.712	0.75	4
-0.05	9.275	1.7204871178	1.7377	3.6886	2.6425	1.707	0.746	4
-0.05	9.275	1.7214617729	1.7387	3.6888	2.6422	1.703	0.742	4
-0.05	9.275	1.7217537165	1.739	3.6888	2.6421	1.702	0.741	4
-0.05	9.275	1.7229968309	1.7405	3.6889	2.6415	1.697	0.737	4
-0.05	9.275	1.724319458	1.7422	3.689	2.6405	1.692	0.732	4
-0.05	9.275	1.725626111	1.7441	3.6891	2.6394	1.686	0.727	4
-0.05	9.275	1.7268618345	1.7459	3.6892	2.6382	1.681	0.722	4
-0.05	9.275	1.7281674147	1.7481	3.6893	2.6365	1.675	0.716	4
-0.05	9.275	1.7294814587	1.7504	3.6893	2.6346	1.669	0.71	4
-0.05	9.275	1.7305364609	1.7524	3.6893	2.6328	1.664	0.705	4
-0.05	9.275	1.7307816744	1.753	3.6893	2.6323	1.663	0.704	4
-0.05	9.275	1.7320758104	1.7558	3.6892	2.6295	1.656	0.697	4
-0.05	9.275	1.7332959175	1.7588	3.6891	2.6263	1.65	0.69	4
-0.05	9.275	1.7345486879	1.7622	3.6889	2.6226	1.643	0.683	4
-0.05	9.275	1.7357871532	1.7659	3.6887	2.6184	1.636	0.675	4
-0.05	9.275	1.7370033264	1.7705	3.6884	2.6128	1.628	0.665	4
-0.05	9.275	1.7382329702	1.776	3.6879	2.6058	1.618	0.653	4
-0.05	9.275	1.7394680977	1.7823	3.6875	2.5979	1.607	0.64	4
-0.05	9.275	1.7407213449	1.7856	3.6873	2.5944	1.6	0.633	4
-0.05	9.275	1.7419397831	1.7895	3.6871	2.59	1.593	0.624	4
-0.05	9.275	1.7431821823	1.8075	3.6853	2.5652	1.565	0.588	4
-0.05	9.275	1.7444266081	1.8422	3.682	2.5176	1.51	0.519	4
-0.05	9.275	1.7451121807	1.8771	3.6788	2.4701	1.458	0.449	4
-0.05	9.275	1.7454543114	1.9067	3.6762	2.4301	1.415	0.39	4
-0.05	9.275	1.7456841469	1.9481	3.6726	2.3742	1.355	0.308	4
-0.05	9.275	1.7457888126	1.9915	3.669	2.3164	1.29	0.222	4
-0.05	9.275	1.745839715	2.0312	3.6656	2.2633	1.233	0.144	4
-0.05	9.275	1.7458695173	2.0695	3.6625	2.2126	1.177	0.069	4
-0.05	9.275	1.7458782196	2.0842	3.6613	2.1932	1.155	0.04	7
-0.05	9.275	1.7458785772	2.0847	3.6613	2.1924	1.154	0.038	7
-0.05	9.275	1.7458925247	2.1111	3.6592	2.1576	1.116	-0.013	7
-0.05	9.275	1.7459177971	2.16	3.6552	2.0928	1.048	-0.107	7
-0.05	9.275	1.7459506989	2.1993	3.652	2.0409	0.993	-0.182	7
-0.05	9.275	1.7460064888	2.1678	3.6546	2.0829	1.036	-0.122	7
-0.05	9.275	1.7461401224	2.1272	3.658	2.1369	1.092	-0.045	7
-0.05	9.275	1.7471868992	2.136	3.6573	2.1256	1.079	-0.062	7
-0.05	9.275	1.7479615211	2.1674	3.6547	2.0839	1.037	-0.122	7
-0.05	9.275	1.7484863997	2.2067	3.6515	2.0321	0.981	-0.197	7
-0.05	9.275	1.7489039898	2.2463	3.6484	1.9798	0.929	-0.272	7
-0.05	9.275	1.7492519617	2.286	3.6452	1.9275	0.879	-0.344	7
-0.05	9.275	1.7495523691	2.3262	3.6419	1.8742	0.83	-0.418	7
-0.05	9.275	1.7498146296	2.3667	3.6386	1.8206	0.781	-0.49	7
-0.05	9.275	1.7500445843	2.407	3.6353	1.7672	0.734	-0.561	7
-0.05	9.275	1.7502508163	2.4476	3.632	1.7134	0.686	-0.633	7
-0.05	9.275	1.7504371405	2.4884	3.6286	1.6592	0.639	-0.704	7
-0.05	9.275	1.7506041527	2.5277	3.6254	1.6072	0.595	-0.771	7
-0.05	9.275	1.7507690191	2.5678	3.6221	1.554	0.55	-0.839	7
-0.05	9.275	1.7509270906	2.6077	3.6189	1.501	0.507	-0.905	7
-0.05	9.275	1.751080513	2.6489	3.6154	1.4459	0.459	-0.972	7
-0.05	9.275	1.7512282133	2.694	3.6116	1.3857	0.408	-1.044	7
-0.05	9.275	1.7513569593	2.7468	3.6071	1.3151	0.349	-1.126	7
-0.05	9.275	1.7514481544	2.8052	3.6021	1.2365	0.287	-1.214	7
-0.05	9.275	1.7515105009	2.8552	3.5976	1.1688	0.237	-1.285	7
-0.05	9.275	1.751562953	2.9008	3.5936	1.107	0.193	-1.346	7
-0.05	9.275	1.7516102791	2.9431	3.5898	1.0495	0.153	-1.403	7
-0.05	9.275	1.7516534328	2.9836	3.586	0.994	0.121	-1.447	7
-0.05	9.275	1.7516953945	3.0233	3.5823	0.9395	0.102	-1.49	7
-0.05	9.275	1.7517364025	3.06	3.5789	0.889	0.088	-1.527	7
-0.05	9.275	1.7517800331	3.0962	3.5754	0.8387	0.079	-1.553	7
-0.05	9.275	1.7518285513	3.1334	3.5716	0.7866	0.072	-1.581	7
-0.05	9.275	1.7518793344	3.154	3.5696	0.7579	0.068	-1.596	7
-0.05	9.275	1.7519061565	3.2537	3.559	0.6159	0.08	-1.616	7
-0.05	9.275	1.7519130707	3.2717	3.5571	0.5902	0.089	-1.608	7
-0.05	9.275	1.7519131899	3.2718	3.5565	0.5875	0.104	-1.59	8
-0.05	9.275	1.7519133091	3.2718	3.5555	0.5836	0.129	-1.562	8
-0.05	9.275	1.7519134283	3.2718	3.5544	0.5792	0.157	-1.529	8
-0.05	9.275	1.7519153357	3.2761	3.5534	0.5708	0.172	-1.512	8
-0.05	9.275	1.7519171238	3.2803	3.5528	0.5645	0.175	-1.508	8
-0.05	9.275	1.7519190311	3.2845	3.5523	0.5581	0.179	-1.505	8
-0.05	9.275	1.7519208193	3.2887	3.5518	0.5517	0.182	-1.502	8
-0.05	9.275	1.7519227266	3.293	3.5513	0.5453	0.185	-1.499	8
-0.05	9.275	1.751924634	3.2972	3.5508	0.539	0.188	-1.496	8
-0.05	9.275	1.7519264221	3.3014	3.5502	0.5326	0.191	-1.493	8
-0.05	9.275	1.7519283295	3.3056	3.5497	0.5262	0.195	-1.487	8
-0.05	9.275	1.7519302368	3.3098	3.5492	0.5198	0.202	-1.48	8
-0.05	9.275	1.751932025	3.3141	3.5487	0.5135	0.208	-1.473	8
-0.05	9.275	1.7519339323	3.3183	3.5482	0.5071	0.214	-1.465	8
-0.05	9.275	1.7519357204	3.3225	3.5476	0.5007	0.22	-1.458	8
-0.05	9.275	1.7519376278	3.3267	3.5471	0.4943	0.225	-1.45	8
-0.05	9.275	1.7519395351	3.3309	3.5466	0.4879	0.23	-1.443	8
-0.05	9.275	1.7519413233	3.3352	3.5461	0.4816	0.235	-1.435	8
-0.05	9.275	1.7519432306	3.3394	3.5455	0.4752	0.24	-1.428	8
-0.05	9.275	1.7519450188	3.3436	3.545	0.4688	0.245	-1.42	8
-0.05	9.275	1.7519469261	3.3478	3.5445	0.4624	0.25	-1.413	8
-0.05	9.275	1.7519488335	3.3521	3.544	0.4561	0.254	-1.405	8
-0.05	9.275	1.7519506216	3.3563	3.5435	0.4497	0.259	-1.398	8
-0.05	9.275	1.751952529	3.3605	3.5429	0.4433	0.263	-1.391	8
-0.05	9.275	1.7519544363	3.3647	3.5424	0.4369	0.268	-1.384	8
-0.05	9.275	1.7519562244	3.3689	3.5419	0.4306	0.272	-1.377	8
-0.05	9.275	1.7519581318	3.3732	3.5414	0.4242	0.277	-1.37	8
-0.05	9.275	1.7519599199	3.3774	3.5409	0.4178	0.281	-1.363	8
-0.05	9.275	1.7519618273	3.3816	3.5403	0.4114	0.285	-1.356	8
-0.05	9.275	1.751963973	3.3847	3.5399	0.4067	0.289	-1.351	8
-0.05	9.275	1.7519661188	3.3877	3.5396	0.402	0.297	-1.341	8
-0.05	9.275	1.7519682646	3.3908	3.5392	0.3973	0.304	-1.331	8
-0.05	9.275	1.7519704103	3.3938	3.5388	0.3925	0.311	-1.322	8
-0.05	9.275	1.7519725561	3.3969	3.5384	0.3878	0.318	-1.312	8
-0.05	9.275	1.7519747019	3.3999	3.538	0.3831	0.325	-1.303	8
-0.05	9.275	1.7519767284	3.403	3.5376	0.3784	0.332	-1.294	8
-0.05	9.275	1.7519788742	3.4061	3.5372	0.3737	0.339	-1.284	8
-0.05	9.275	1.75198102	3.4091	3.5368	0.3689	0.346	-1.275	8
-0.05	9.275	1.7519831657	3.4122	3.5364	0.3642	0.352	-1.266	8
-0.05	9.275	1.7519853115	3.4152	3.536	0.3595	0.359	-1.256	8
-0.05	9.275	1.7519874573	3.4183	3.5356	0.3548	0.366	-1.247	8
-0.05	9.275	1.751989603	3.4213	3.5352	0.3501	0.373	-1.238	8
-0.05	9.275	1.7519917488	3.4244	3.5349	0.3453	0.379	-1.229	8
-0.05	9.275	1.7519938946	3.4275	3.5345	0.3406	0.386	-1.22	8
-0.05	9.275	1.7519960403	3.4305	3.5341	0.3359	0.392	-1.211	8
-0.05	9.275	1.7519981861	3.4336	3.5337	0.3312	0.399	-1.202	8
-0.05	9.275	1.7520003319	3.4366	3.5333	0.3265	0.405	-1.193	8
-0.05	9.275	1.7520024776	3.4397	3.5329	0.3217	0.412	-1.184	8
-0.05	9.275	1.7520045042	3.4427	3.5325	0.317	0.418	-1.175	8
-0.05	9.275	1.75200665	3.4458	3.5321	0.3123	0.424	-1.166	8
-0.05	9.275	1.7520087957	3.4489	3.5317	0.3076	0.431	-1.158	8
-0.05	9.275	1.7520109415	3.4519	3.5313	0.3028	0.437	-1.149	8
-0.05	9.275	1.7520130873	3.455	3.5309	0.2981	0.443	-1.14	8
-0.05	9.275	1.752015233	3.458	3.5306	0.2934	0.449	-1.131	8
-0.05	9.275	1.7520173788	3.4611	3.5302	0.2887	0.455	-1.123	8
-0.05	9.275	1.7520196438	3.4634	3.5298	0.285	0.463	-1.112	8
-0.05	9.275	1.752022028	3.4657	3.5295	0.2813	0.475	-1.099	8
-0.05	9.275	1.7520242929	3.4681	3.5292	0.2775	0.487	-1.085	8
-0.05	9.275	1.7520266771	3.4704	3.5289	0.2738	0.498	-1.072	8
-0.05	9.275	1.7520289421	3.4727	3.5286	0.2701	0.51	-1.058	8
-0.05	9.275	1.7520313263	3.4751	3.5283	0.2664	0.521	-1.044	8
-0.05	9.275	1.7520335913	3.4774	3.528	0.2627	0.533	-1.031	8
-0.05	9.275	1.7520359755	3.4797	3.5277	0.259	0.544	-1.017	8
-0.05	9.275	1.7520382404	3.482	3.5273	0.2553	0.555	-1.004	8
-0.05	9.275	1.7520406246	3.4844	3.527	0.2516	0.567	-0.99	8
-0.05	9.275	1.7520428896	3.4867	3.5267	0.2479	0.578	-0.976	8
-0.05	9.275	1.7520452738	3.489	3.5264	0.2441	0.59	-0.963	8
-0.05	9.275	1.7520475388	3.4914	3.5261	0.2404	0.601	-0.949	8
-0.05	9.275	1.7520498037	3.4937	3.5258	0.2367	0.612	-0.936	8
-0.05	9.275	1.7520521879	3.496	3.5255	0.233	0.624	-0.922	8
-0.05	9.275	1.7520544529	3.4983	3.5251	0.2293	0.635	-0.909	8
-0.05	9.275	1.7520568371	3.5007	3.5248	0.2256	0.646	-0.895	8
-0.05	9.275	1.7520591021	3.503	3.5245	0.2219	0.658	-0.882	8
-0.05	9.275	1.7520614862	3.5053	3.5242	0.2182	0.669	-0.868	8
-0.05	9.275	1.7520637512	3.5077	3.5239	0.2144	0.68	-0.855	8
-0.05	9.275	1.7520661354	3.51	3.5236	0.2107	0.691	-0.842	8
-0.05	9.275	1.7520684004	3.5123	3.5233	0.207	0.703	-0.828	8
-0.05	9.275	1.7520707846	3.5146	3.523	0.2033	0.714	-0.815	8
-0.05	9.275	1.7520730495	3.517	3.5226	0.1996	0.725	-0.801	8
-0.05	9.275	1.7520754337	3.5193	3.5223	0.1959	0.736	-0.788	8
-0.05	9.275	1.7520776987	3.5216	3.522	0.1922	0.747	-0.774	8
-0.05	9.275	1.7520802021	3.5233	3.5218	0.1893	0.757	-0.763	8
-0.05	9.275	1.7520828247	3.5249	3.5215	0.1865	0.766	-0.752	8
-0.05	9.275	1.7520853281	3.5266	3.5213	0.1837	0.775	-0.741	8
-0.05	9.275	1.7520879507	3.5283	3.521	0.1809	0.784	-0.73	8
-0.05	9.275	1.7520904541	3.5299	3.5208	0.178	0.794	-0.719	8
-0.05	9.275	1.7520929575	3.5316	3.5205	0.1752	0.803	-0.708	8
-0.05	9.275	1.7520955801	3.5332	3.5203	0.1724	0.812	-0.697	8
-0.05	9.275	1.7520980835	3.5349	3.52	0.1696	0.821	-0.686	8
-0.05	9.275	1.7521005869	3.5365	3.5198	0.1667	0.83	-0.677	8
-0.05	9.275	1.7521032095	3.5382	3.5195	0.1639	0.839	-0.669	8
-0.05	9.275	1.7521057129	3.5399	3.5193	0.1611	0.848	-0.661	8
-0.05	9.275	1.7521083355	3.5415	3.519	0.1583	0.857	-0.653	8
-0.05	9.275	1.7521108389	3.5432	3.5188	0.1554	0.866	-0.645	8
-0.05	9.275	1.7521133423	3.5448	3.5185	0.1526	0.875	-0.636	8
-0.05	9.275	1.7521159649	3.5465	3.5183	0.1498	0.883	-0.628	8
-0.05	9.275	1.7521184683	3.5481	3.5181	0.1469	0.892	-0.62	8
-0.05	9.275	1.7521210909	3.5498	3.5178	0.1441	0.901	-0.611	8
-0.05	9.275	1.7521235943	3.5515	3.5176	0.1413	0.91	-0.603	8
-0.05	9.275	1.7521260977	3.5531	3.5173	0.1385	0.919	-0.595	8
-0.05	9.275	1.7521287203	3.5548	3.5171	0.1356	0.928	-0.586	8
-0.05	9.275	1.7521312237	3.5564	3.5168	0.1328	0.937	-0.578	8
-0.05	9.275	1.7521337271	3.5581	3.5166	0.13	0.946	-0.57	8
-0.05	9.275	1.7521363497	3.5598	3.5163	0.1272	0.955	-0.561	8
-0.05	9.275	1.7521388531	3.5614	3.5161	0.1243	0.965	-0.553	8
-0.05	9.275	1.7521414757	3.5631	3.5158	0.1215	0.974	-0.544	8
-0.05	9.275	1.7521439791	3.5647	3.5156	0.1187	0.983	-0.536	8
-0.05	9.275	1.7521467209	3.5659	3.5154	0.1165	0.99	-0.529	8
-0.05	9.275	1.7521493435	3.567	3.5152	0.1144	0.997	-0.522	8
-0.05	9.275	1.7521520853	3.5682	3.515	0.1122	1.005	-0.515	8
-0.05	9.275	1.7521547079	3.5693	3.5148	0.1101	1.012	-0.508	8
-0.05	9.275	1.7521574497	3.5705	3.5146	0.108	1.02	-0.501	8
-0.05	9.275	1.7521601915	3.5716	3.5144	0.1058	1.027	-0.494	8
-0.05	9.275	1.7521628141	3.5728	3.5142	0.1037	1.034	-0.487	8
-0.05	9.275	1.752165556	3.5739	3.5141	0.1015	1.042	-0.48	8
-0.05	9.275	1.7521682978	3.5751	3.5139	0.0994	1.049	-0.474	8
-0.05	9.275	1.7521709204	3.5762	3.5137	0.0972	1.057	-0.467	8
-0.05	9.275	1.7521736622	3.5774	3.5135	0.0951	1.064	-0.46	8
-0.05	9.275	1.7521762848	3.5785	3.5133	0.0929	1.071	-0.453	8
-0.05	9.275	1.7521790266	3.5797	3.5131	0.0908	1.079	-0.446	8
-0.05	9.275	1.7521817684	3.5808	3.5129	0.0886	1.086	-0.439	8
-0.05	9.275	1.752184391	3.582	3.5127	0.0865	1.094	-0.432	8
-0.05	9.275	1.7521871328	3.5831	3.5125	0.0843	1.101	-0.425	8
-0.05	9.275	1.7521897554	3.5843	3.5123	0.0822	1.109	-0.417	8
-0.05	9.275	1.7521924973	3.5854	3.5121	0.0801	1.116	-0.41	8
-0.05	9.275	1.7521952391	3.5866	3.512	0.0779	1.124	-0.403	8
-0.05	9.275	1.7521978617	3.5877	3.5118	0.0758	1.131	-0.396	8
-0.05	9.275	1.7522006035	3.5889	3.5116	0.0736	1.139	-0.389	8
-0.05	9.275	1.7522033453	3.59	3.5114	0.0715	1.147	-0.382	8
-0.05	9.275	1.7522059679	3.5912	3.5112	0.0693	1.154	-0.375	8
-0.05	9.275	1.7522087097	3.5924	3.511	0.0672	1.162	-0.368	8
-0.05	9.275	1.7522113323	3.5935	3.5108	0.065	1.169	-0.361	8
-0.05	9.275	1.7522140741	3.5947	3.5106	0.0629	1.177	-0.354	8
-0.05	9.275	1.7522171736	3.5965	3.5103	0.0594	1.19	-0.341	8
-0.05	9.275	1.752220273	3.5984	3.51	0.0559	1.203	-0.329	8
-0.05	9.275	1.7522232533	3.6003	3.5097	0.0525	1.215	-0.317	8
-0.05	9.275	1.7522263527	3.6022	3.5094	0.049	1.228	-0.305	8
-0.05	9.275	1.7522294521	3.604	3.509	0.0455	1.241	-0.293	8
-0.05	9.275	1.7522325516	3.6059	3.5087	0.042	1.253	-0.28	8
-0.05	9.275	1.752235651	3.6078	3.5084	0.0385	1.266	-0.268	8
-0.05	9.275	1.7522386312	3.6096	3.5081	0.0351	1.279	-0.256	8
-0.05	9.275	1.7522417307	3.6115	3.5078	0.0316	1.292	-0.243	8
-0.05	9.275	1.7522448301	3.6134	3.5074	0.0281	1.305	-0.231	8
-0.05	9.275	1.7522479296	3.6153	3.5071	0.0246	1.318	-0.218	8
-0.05	9.275	1.752251029	3.6171	3.5068	0.0212	1.331	-0.205	8
-0.05	9.275	1.7522540092	3.619	3.5065	0.0177	1.344	-0.193	8
-0.05	9.275	1.7522571087	3.6209	3.5062	0.0142	1.357	-0.18	8
-0.05	9.275	1.7522602081	3.6228	3.5058	0.0107	1.37	-0.167	8
-0.05	9.275	1.7522633076	3.6246	3.5055	0.0072	1.383	-0.155	8
-0.05	9.275	1.752266407	3.6265	3.5052	0.0038	1.397	-0.142	8
-0.05	9.275	1.7522695065	3.6284	3.5049	0.0003	1.41	-0.129	8
-0.05	9.275	1.7522724867	3.6303	3.5046	-0.0032	1.422	-0.115	8
-0.05	9.275	1.7522755861	3.6321	3.5042	-0.0067	1.434	-0.1	8
-0.05	9.275	1.7522786856	3.634	3.5039	-0.0102	1.446	-0.086	8
-0.05	9.275	1.752281785	3.6359	3.5036	-0.0136	1.458	-0.072	8
-0.05	9.275	1.7522848845	3.6378	3.5033	-0.0171	1.47	-0.057	8
-0.05	9.275	1.7522878647	3.6396	3.503	-0.0206	1.482	-0.043	8
-0.05	9.275	1.7522909641	3.6415	3.5027	-0.0241	1.494	-0.029	8
-0.05	9.275	1.7522940636	3.6434	3.5023	-0.0276	1.505	-0.015	8
-0.05	9.275	1.7522969246	3.6447	3.5021	-0.0302	1.515	-0.004	8
-0.05	9.275	1.7522997856	3.646	3.5018	-0.0329	1.524	0.007	8
-0.05	9.275	1.7523026466	3.6473	3.5016	-0.0355	1.533	0.018	8
-0.05	9.275	1.7523055077	3.6486	3.5013	-0.0382	1.542	0.029	8
-0.05	9.275	1.7523082495	3.6498	3.5011	-0.0408	1.552	0.04	8
-0.05	9.275	1.7523111105	3.6511	3.5008	-0.0435	1.561	0.051	8
-0.05	9.275	1.7523139715	3.6524	3.5006	-0.0461	1.57	0.062	8
-0.05	9.275	1.7523168325	3.6537	3.5004	-0.0488	1.579	0.072	8
-0.05	9.275	1.7523196936	3.655	3.5001	-0.0515	1.588	0.083	8
-0.05	9.275	1.7523225546	3.6563	3.4999	-0.0541	1.596	0.093	8
-0.05	9.275	1.7523254156	3.6576	3.4996	-0.0568	1.604	0.104	8
-0.05	9.275	1.7523282766	3.6589	3.4994	-0.0594	1.612	0.114	8
-0.05	9.275	1.7523310184	3.6602	3.4991	-0.0621	1.62	0.123	8
-0.05	9.275	1.7523338795	3.6615	3.4989	-0.0648	1.627	0.133	8
-0.05	9.275	1.7523367405	3.6628	3.4986	-0.0674	1.635	0.143	8
-0.05	9.275	1.7523396015	3.6641	3.4984	-0.0701	1.643	0.153	8
-0.05	9.275	1.7523424625	3.6653	3.4981	-0.0727	1.65	0.163	8
-0.05	9.275	1.7523453236	3.6666	3.4979	-0.0754	1.658	0.172	8
-0.05	9.275	1.7523481846	3.6679	3.4976	-0.0781	1.665	0.182	8
-0.05	9.275	1.7523510456	3.6692	3.4974	-0.0807	1.673	0.191	8
-0.05	9.275	1.7523539066	3.6705	3.4971	-0.0834	1.68	0.201	8
-0.05	9.275	1.7523566484	3.6718	3.4969	-0.086	1.687	0.21	8
-0.05	9.275	1.7523595095	3.6731	3.4966	-0.0887	1.694	0.219	8
-0.05	9.275	1.7523623705	3.6744	3.4964	-0.0914	1.702	0.229	8
-0.05	9.275	1.7523652315	3.6757	3.4961	-0.094	1.709	0.238	8
-0.05	9.275	1.7523680925	3.677	3.4959	-0.0967	1.716	0.247	8
-0.05	9.275	1.7523708344	3.678	3.4957	-0.099	1.722	0.256	8
-0.05	9.275	1.7523736954	3.679	3.4954	-0.1014	1.729	0.264	8
-0.05	9.275	1.7523764372	3.68	3.4952	-0.1038	1.736	0.273	8
-0.05	9.275	1.752379179	3.681	3.495	-0.1061	1.742	0.281	8
-0.05	9.275	1.75238204	3.682	3.4948	-0.1085	1.749	0.289	8
-0.05	9.275	1.7523847818	3.6831	3.4945	-0.1108	1.755	0.298	8
-0.05	9.275	1.7523875237	3.6841	3.4943	-0.1132	1.762	0.306	8
-0.05	9.275	1.7523902655	3.6851	3.4941	-0.1156	1.768	0.314	8
-0.05	9.275	1.7523931265	3.6861	3.4939	-0.1179	1.774	0.322	8
-0.05	9.275	1.7523958683	3.6871	3.4936	-0.1203	1.781	0.331	8
-0.05	9.275	1.7523986101	3.6881	3.4934	-0.1226	1.787	0.339	8
-0.05	9.275	1.7524014711	3.6891	3.4932	-0.125	1.793	0.347	8
-0.05	9.275	1.752404213	3.6901	3.493	-0.1274	1.799	0.355	8
-0.05	9.275	1.7524069548	3.6912	3.4927	-0.1297	1.805	0.363	8
-0.05	9.275	1.7524098158	3.6922	3.4925	-0.1321	1.812	0.371	8
-0.05	9.275	1.7524125576	3.6932	3.4923	-0.1345	1.818	0.378	8
-0.05	9.275	1.7524152994	3.6942	3.4921	-0.1368	1.823	0.386	8
-0.05	9.275	1.7524181604	3.6952	3.4918	-0.1392	1.829	0.394	8
-0.05	9.275	1.7524209023	3.6962	3.4916	-0.1415	1.835	0.402	8
-0.05	9.275	1.7524236441	3.6972	3.4914	-0.1439	1.841	0.409	8
-0.05	9.275	1.7524263859	3.6983	3.4912	-0.1463	1.847	0.417	8
-0.05	9.275	1.7524292469	3.6993	3.491	-0.1486	1.853	0.424	8
-0.05	9.275	1.7524319887	3.7003	3.4907	-0.151	1.858	0.432	8
-0.05	9.275	1.7524347305	3.7013	3.4905	-0.1534	1.864	0.439	8
-0.05	9.275	1.7524375916	3.7023	3.4903	-0.1557	1.869	0.447	8
-0.05	9.275	1.7524403334	3.7033	3.4901	-0.1581	1.875	0.454	8
-0.05	9.275	1.7524428368	3.7045	3.4898	-0.1609	1.878	0.458	8
-0.05	9.275	1.7524454594	3.7057	3.4895	-0.1637	1.881	0.461	8
-0.05	9.275	1.7524479628	3.7069	3.4892	-0.1665	1.883	0.464	8
-0.05	9.275	1.7524505854	3.7081	3.489	-0.1692	1.886	0.466	8
-0.05	9.275	1.7524530888	3.7093	3.4887	-0.172	1.888	0.469	8
-0.05	9.275	1.7524557114	3.7104	3.4884	-0.1748	1.89	0.471	8
-0.05	9.275	1.7524582148	3.7116	3.4881	-0.1776	1.893	0.474	8
-0.05	9.275	1.7524608374	3.7128	3.4879	-0.1804	1.895	0.476	8
-0.05	9.275	1.7524633408	3.714	3.4876	-0.1832	1.897	0.479	8
-0.05	9.275	1.7524659634	3.7152	3.4873	-0.186	1.899	0.481	8
-0.05	9.275	1.7524684668	3.7164	3.487	-0.1887	1.901	0.483	8
-0.05	9.275	1.7524710894	3.7176	3.4868	-0.1915	1.903	0.485	8
-0.05	9.275	1.7524735928	3.7187	3.4865	-0.1943	1.905	0.487	8
-0.05	9.275	1.7524760962	3.7199	3.4862	-0.1971	1.907	0.489	8
-0.05	9.275	1.7524787188	3.7211	3.486	-0.1999	1.908	0.491	8
-0.05	9.275	1.7524812222	3.7223	3.4857	-0.2027	1.91	0.493	8
-0.05	9.275	1.7524838448	3.7235	3.4854	-0.2055	1.912	0.495	8
-0.05	9.275	1.7524863482	3.7247	3.4851	-0.2083	1.913	0.497	8
-0.05	9.275	1.7524889708	3.7259	3.4849	-0.2111	1.915	0.499	8
-0.05	9.275	1.7524914742	3.727	3.4846	-0.2138	1.917	0.5	8
-0.05	9.275	1.7524940968	3.7282	3.4843	-0.2166	1.918	0.502	8
-0.05	9.275	1.7524966002	3.7294	3.484	-0.2194	1.919	0.504	8
-0.05	9.275	1.7524992228	3.7306	3.4838	-0.2222	1.921	0.505	8
-0.05	9.275	1.7525017262	3.7318	3.4835	-0.225	1.922	0.507	8
-0.05	9.275	1.7525043488	3.733	3.4832	-0.2278	1.923	0.508	8
-0.05	9.275	1.7525068521	3.7342	3.4829	-0.2306	1.924	0.509	8
-0.05	9.275	1.7525092363	3.7352	3.4827	-0.2333	1.925	0.51	8
-0.05	9.275	1.7525116205	3.7363	3.4825	-0.2359	1.926	0.511	8
-0.05	9.275	1.7525140047	3.7374	3.4822	-0.2386	1.927	0.512	8
-0.05	9.275	1.7525163889	3.7384	3.482	-0.2412	1.927	0.513	8
-0.05	9.275	1.7525186539	3.7395	3.4817	-0.2439	1.928	0.514	8
-0.05	9.275	1.7525210381	3.7406	3.4815	-0.2465	1.929	0.515	8
-0.05	9.275	1.7525234222	3.7417	3.4812	-0.2492	1.929	0.516	8
-0.05	9.275	1.7525258064	3.7427	3.481	-0.2518	1.93	0.517	8
-0.05	9.275	1.7525281906	3.7438	3.4807	-0.2545	1.93	0.517	8
-0.05	9.275	1.7525305748	3.7449	3.4805	-0.2571	1.931	0.518	8
-0.05	9.275	1.752532959	3.7459	3.4802	-0.2598	1.931	0.518	8
-0.05	9.275	1.7525353432	3.747	3.48	-0.2624	1.931	0.519	8
-0.05	9.275	1.7525377274	3.7481	3.4797	-0.2651	1.93	0.518	8
-0.05	9.275	1.7525399923	3.7492	3.4795	-0.2677	1.93	0.518	8
-0.05	9.275	1.7525423765	3.7502	3.4792	-0.2704	1.929	0.518	8
-0.05	9.275	1.7525447607	3.7513	3.479	-0.273	1.928	0.517	8
-0.05	9.275	1.7525471449	3.7524	3.4787	-0.2757	1.927	0.517	8
-0.05	9.275	1.7525495291	3.7535	3.4785	-0.2784	1.926	0.516	8
-0.05	9.275	1.7525519133	3.7545	3.4782	-0.281	1.924	0.515	8
-0.05	9.275	1.7525542974	3.7556	3.478	-0.2837	1.923	0.515	8
-0.05	9.275	1.7525566816	3.7567	3.4777	-0.2864	1.922	0.514	8
-0.05	9.275	1.7525589466	3.7577	3.4775	-0.289	1.921	0.513	8
-0.05	9.275	1.7525613308	3.7588	3.4772	-0.2917	1.92	0.512	8
-0.05	9.275	1.752563715	3.7599	3.477	-0.2943	1.918	0.512	8
-0.05	9.275	1.7525660992	3.761	3.4768	-0.297	1.917	0.511	8
-0.05	9.275	1.7525684834	3.762	3.4765	-0.2997	1.915	0.51	8
-0.05	9.275	1.7525706291	3.7631	3.4762	-0.3028	1.915	0.51	8
-0.05	9.275	1.7525728941	3.7642	3.4759	-0.306	1.914	0.51	8
-0.05	9.275	1.7525750399	3.7652	3.4755	-0.3092	1.913	0.509	8
-0.05	9.275	1.7525771856	3.7663	3.4752	-0.3123	1.912	0.509	8
-0.05	9.275	1.7525794506	3.7674	3.4749	-0.3155	1.911	0.509	8
-0.05	9.275	1.7525815964	3.7684	3.4746	-0.3187	1.911	0.508	8
-0.05	9.275	1.7525837421	3.7695	3.4743	-0.3218	1.909	0.508	8
-0.05	9.275	1.7525858879	3.7706	3.4739	-0.325	1.908	0.507	8
-0.05	9.275	1.7525881529	3.7716	3.4736	-0.3282	1.907	0.506	8
-0.05	9.275	1.7525902987	3.7727	3.4733	-0.3313	1.906	0.506	8
-0.05	9.275	1.7525924444	3.7737	3.473	-0.3345	1.905	0.505	8
-0.05	9.275	1.7525947094	3.7748	3.4727	-0.3377	1.903	0.504	8
-0.05	9.275	1.7525968552	3.7759	3.4723	-0.3409	1.902	0.503	8
-0.05	9.275	1.7525990009	3.7769	3.472	-0.344	1.9	0.502	8
-0.05	9.275	1.7526012659	3.778	3.4717	-0.3472	1.899	0.501	8
-0.05	9.275	1.7526034117	3.7791	3.4714	-0.3504	1.897	0.5	8
-0.05	9.275	1.7526055574	3.7801	3.4711	-0.3536	1.895	0.499	8
-0.05	9.275	1.7526078224	3.7812	3.4708	-0.3568	1.894	0.498	8
-0.05	9.275	1.7526099682	3.7823	3.4704	-0.36	1.892	0.497	8
-0.05	9.275	1.752612114	3.7833	3.4701	-0.3632	1.89	0.496	8
-0.05	9.275	1.7526142597	3.7844	3.4698	-0.3664	1.888	0.494	8
-0.05	9.275	1.7526165247	3.7855	3.4695	-0.3695	1.885	0.492	8
-0.05	9.275	1.7526186705	3.7865	3.4692	-0.3727	1.882	0.49	8
-0.05	9.275	1.7526208162	3.7876	3.4688	-0.3759	1.879	0.488	8
-0.05	9.275	1.7526230812	3.7887	3.4685	-0.3791	1.876	0.486	8
-0.05	9.275	1.752625227	3.7897	3.4682	-0.3823	1.872	0.484	8
-0.05	9.275	1.7526272535	3.7908	3.4674	-0.3896	1.87	0.483	8
-0.05	9.275	1.7526292801	3.7918	3.4666	-0.397	1.866	0.482	8
-0.05	9.275	1.7526313066	3.7928	3.4658	-0.4043	1.863	0.481	8
-0.05	9.275	1.7526333332	3.7938	3.465	-0.4117	1.859	0.479	8
-0.05	9.275	1.7526353598	3.7949	3.4642	-0.4191	1.855	0.477	8
-0.05	9.275	1.7526373863	3.7959	3.4635	-0.4265	1.85	0.475	8
-0.05	9.275	1.7526392937	3.7969	3.4627	-0.434	1.845	0.473	8
-0.05	9.275	1.7526413202	3.798	3.4619	-0.4414	1.84	0.47	8
-0.05	9.275	1.7526433468	3.799	3.4611	-0.4489	1.835	0.467	8
-0.05	9.275	1.7526453733	3.8	3.4603	-0.4564	1.829	0.464	8
-0.05	9.275	1.7526473999	3.8011	3.4595	-0.464	1.821	0.46	8
-0.05	9.275	1.7526494265	3.8021	3.4587	-0.4716	1.813	0.455	8
-0.05	9.275	1.752651453	3.8031	3.4579	-0.4792	1.804	0.45	8
-0.05	9.275	1.7526534796	3.8041	3.4571	-0.4868	1.794	0.445	8
-0.05	9.275	1.7526555061	3.8052	3.4564	-0.4944	1.785	0.44	8
-0.05	9.275	1.7526575327	3.8062	3.4556	-0.5021	1.779	0.437	8
-0.05	9.275	1.7526595592	3.8072	3.4548	-0.5098	1.785	0.442	8
-0.05	9.275	1.7526615858	3.8083	3.454	-0.5176	1.79	0.448	8
-0.05	9.275	1.7526636124	3.8093	3.4532	-0.5253	1.796	0.453	8
-0.05	9.275	1.7526655197	3.8103	3.4524	-0.5331	1.801	0.458	8
-0.05	9.275	1.7526675463	3.8113	3.4516	-0.541	1.806	0.463	8
-0.05	9.275	1.7526695728	3.8124	3.4508	-0.5488	1.812	0.468	8
-0.05	9.275	1.7526715994	3.8134	3.45	-0.5567	1.817	0.474	8
-0.05	9.275	1.7526736259	3.8144	3.4493	-0.5646	1.822	0.481	8
-0.05	9.275	1.7526756525	3.8155	3.4485	-0.5726	1.828	0.489	8
-0.05	9.275	1.7526776791	3.8165	3.4477	-0.5806	1.833	0.497	8
-0.05	9.275	1.7526794672	3.8171	3.4524	-0.5702	1.784	0.441	8
-0.05	9.275	1.7526812553	3.8177	3.4571	-0.56	1.736	0.394	8
-0.05	9.275	1.7526830435	3.8183	3.4618	-0.55	1.682	0.344	8
-0.05	9.275	1.7526847124	3.8188	3.4665	-0.5401	1.622	0.292	8
-0.05	9.275	1.7526865005	3.8194	3.4712	-0.5304	1.559	0.239	8
-0.05	9.275	1.7526882887	3.82	3.4759	-0.5208	1.488	0.184	8
-0.05	9.275	1.7526900768	3.8206	3.4806	-0.5115	1.416	0.128	8
-0.05	9.275	1.752691865	3.8212	3.4853	-0.5023	1.331	0.068	8
-0.05	9.275	1.7526936531	3.8218	3.49	-0.4933	1.253	0.011	8
-0.05	9.275	1.752695322	3.8224	3.4947	-0.4845	1.113	-0.141	8
-0.05	9.275	1.7526971102	3.8229	3.4994	-0.4759	0.968	-0.297	8
-0.05	9.275	1.7526988983	3.8235	3.5041	-0.4675	0.796	-0.477	8
-0.05	9.275	1.7527006865	3.8241	3.5088	-0.4594	0.618	-0.662	8
-0.05	9.275	1.7527024746	3.8247	3.5135	-0.4514	0.417	-0.869	8
-0.05	9.275	1.7527042627	3.8253	3.5182	-0.4438	0.207	-1.084	8
-0.05	9.275	1.7527060509	3.8259	3.5229	-0.4364	-0.037	-1.362	8
-0.05	9.275	1.7527077198	3.8265	3.5276	-0.4293	-0.302	-1.679	8
-0.05	9.275	1.7527095079	3.827	3.5323	-0.4224	-0.533	-1.96	8
-0.05	9.275	1.7527112961	3.8276	3.537	-0.4159	-0.727	-2.203	8
-0.05	9.275	1.7527130842	3.8282	3.5417	-0.4097	-0.906	-2.428	8
-0.05	9.275	1.7527148724	3.8288	3.5464	-0.4039	-1.058	-2.619	8
-0.05	9.275	1.7527166605	3.8294	3.5511	-0.3984	-1.201	-2.801	8
-0.05	9.275	1.7527183294	3.83	3.5558	-0.3933	-1.32	-2.95	8
-0.05	9.275	1.7527201176	3.8306	3.5605	-0.3885	-1.437	-3.094	8
-0.05	9.275	1.7527219057	3.8311	3.5652	-0.3843	-1.533	-3.207	8
-0.05	9.275	1.7527236938	3.8317	3.5699	-0.3805	-1.629	-3.319	8
