# File generated by 'createIsoFiles.py' on Fri Nov 24 15:30:43 2017.
# Content of file: isochrone table with t = 1.5Gyr, [Fe/H] = -0.65.
# Isochrone tables in this file have been created by
# on the basis of PARSEC isochrones.
# NOTE: templates with M < 0.1 Msun have been.
# removed (considered below LMCO).
# -----------------------------------------------------------------
# FeH	log(age/yr)	M_ini	logL/Lo	logTeff	logg	 B	 V	 stage
-0.65	9.175	0.1000000015	-3.0832	3.4479	5.2649	18.026	16.111	1
-0.65	9.175	0.1199999973	-2.8106	3.4809	5.2034	16.298	14.502	1
-0.65	9.175	0.1247514114	-2.764	3.4857	5.1928	16.044	14.264	1
-0.65	9.175	0.1400000006	-2.6254	3.5	5.1614	15.314	13.587	1
-0.65	9.175	0.1599999964	-2.4843	3.5127	5.1291	14.657	12.98	1
-0.65	9.175	0.1778510809	-2.3831	3.5208	5.1063	14.224	12.579	1
-0.65	9.175	0.200000003	-2.2708	3.5298	5.081	13.762	12.158	1
-0.65	9.175	0.25	-2.0757	3.543	5.0358	13.034	11.492	1
-0.65	9.175	0.3301338851	-1.8223	3.5571	4.9595	12.169	10.689	1
-0.65	9.175	0.338340342	-1.8019	3.5586	4.9555	12.096	10.622	0
-0.65	9.175	0.3829916418	-1.6634	3.5679	4.9082	11.614	10.177	1
-0.65	9.175	0.388340354	-1.6481	3.569	4.9032	11.56	10.127	1
-0.65	9.175	0.4383403659	-1.488	3.5825	4.8497	10.98	9.602	1
-0.65	9.175	0.488340348	-1.3135	3.6007	4.7951	10.318	9.017	1
-0.65	9.175	0.5383403301	-1.1302	3.6252	4.752	9.565	8.385	1
-0.65	9.175	0.588340342	-0.9506	3.654	4.7264	8.747	7.724	1
-0.65	9.175	0.638340354	-0.7809	3.6829	4.7076	7.993	7.109	1
-0.65	9.175	0.6883403063	-0.6228	3.7091	4.6871	7.367	6.582	1
-0.65	9.175	0.7137491703	-0.5464	3.7218	4.6773	7.083	6.345	1
-0.65	9.175	0.7383403778	-0.4748	3.7337	4.668	6.827	6.131	1
-0.65	9.175	0.7883403301	-0.3364	3.7546	4.6417	6.362	5.74	1
-0.65	9.175	0.8248996139	-0.2399	3.7675	4.6162	6.055	5.48	1
-0.65	9.175	0.8383404016	-0.2052	3.7721	4.6068	5.947	5.388	1
-0.65	9.175	0.8619914055	-0.1452	3.7791	4.5873	5.765	5.23	1
-0.65	9.175	0.888340354	-0.0798	3.7868	4.5654	5.566	5.059	1
-0.65	9.175	0.9180689454	-0.0077	3.7944	4.5383	5.35	4.873	1
-0.65	9.175	0.9383403063	0.0405	3.7995	4.5197	5.207	4.748	1
-0.65	9.175	0.968272388	0.1105	3.8068	4.4925	5.003	4.568	1
-0.65	9.175	0.9883403778	0.1567	3.8115	4.4743	4.869	4.449	1
-0.65	9.175	1.0081050396	0.2015	3.8162	4.457	4.739	4.335	1
-0.65	9.175	1.0383403301	0.2689	3.8233	4.4304	4.544	4.161	1
-0.65	9.175	1.0506317616	0.2957	3.8262	4.4206	4.466	4.092	1
-0.65	9.175	1.0780795813	0.355	3.8328	4.3986	4.294	3.939	1
-0.65	9.175	1.0883404016	0.377	3.8352	4.3904	4.231	3.882	1
-0.65	9.175	1.1004492044	0.4024	3.8383	4.3822	4.157	3.816	1
-0.65	9.175	1.1192458868	0.4416	3.8431	4.3694	4.043	3.715	1
-0.65	9.175	1.1362756491	0.4766	3.8473	4.358	3.941	3.624	1
-0.65	9.175	1.138340354	0.4808	3.8478	4.3567	3.929	3.613	1
-0.65	9.175	1.1541332006	0.5119	3.8526	4.3507	3.836	3.532	1
-0.65	9.175	1.2180519104	0.6353	3.8713	4.3253	3.47	3.212	1
-0.65	9.175	1.2266806364	0.6516	3.8737	4.3217	3.423	3.169	1
-0.65	9.175	1.2766807079	0.7442	3.8894	4.3094	3.148	2.931	1
-0.65	9.175	1.3149945736	0.8133	3.8997	4.2945	2.948	2.756	1
-0.65	9.175	1.3266806602	0.8342	3.9027	4.2892	2.889	2.704	1
-0.65	9.175	1.3399684429	0.8579	3.9058	4.2824	2.822	2.645	1
-0.65	9.175	1.3766806126	0.9229	3.9139	4.2612	2.641	2.485	1
-0.65	9.175	1.3784388304	0.926	3.9142	4.26	2.632	2.478	1
-0.65	9.175	1.4163967371	0.9935	3.92	4.2278	2.449	2.312	1
-0.65	9.175	1.4266808033	1.012	3.9213	4.2173	2.4	2.267	1
-0.65	9.175	1.4354852438	1.0278	3.9221	4.2075	2.358	2.228	1
-0.65	9.175	1.4558928013	1.0646	3.9233	4.1816	2.261	2.137	1
-0.65	9.175	1.4766807556	1.1021	3.9237	4.1517	2.164	2.043	1
-0.65	9.175	1.4840556383	1.1153	3.9237	4.1407	2.13	2.01	1
-0.65	9.175	1.5034929514	1.1501	3.9224	4.1064	2.04	1.919	1
-0.65	9.175	1.5224034786	1.1842	3.9196	4.0667	1.953	1.829	1
-0.65	9.175	1.5266807079	1.1919	3.9188	4.057	1.934	1.808	1
-0.65	9.175	1.5443394184	1.2235	3.9148	4.0144	1.858	1.724	1
-0.65	9.175	1.5629684925	1.2569	3.9083	3.9603	1.78	1.633	1
-0.65	9.175	1.5766806602	1.2817	3.9019	3.9137	1.727	1.565	1
-0.65	9.175	1.5836035013	1.2941	3.8985	3.8894	1.701	1.532	1
-0.65	9.175	1.5988945961	1.322	3.8895	3.8298	1.648	1.459	1
-0.65	9.175	1.6114600897	1.3476	3.8821	3.7779	1.6	1.394	1
-0.65	9.175	1.6194541454	1.3659	3.8786	3.7476	1.562	1.348	1
-0.65	9.175	1.624489665	1.3906	3.8878	3.7612	1.474	1.284	1
-0.65	9.175	1.6266806126	1.407	3.8962	3.7791	1.412	1.245	1
-0.65	9.175	1.6273826361	1.4167	3.9023	3.794	1.374	1.223	1
-0.65	9.175	1.6279535294	1.4345	3.9132	3.8199	1.31	1.188	1
-0.65	9.175	1.6282558441	1.4548	3.924	3.8427	1.248	1.153	1
-0.65	9.175	1.6284322739	1.478	3.9342	3.8606	1.187	1.115	1
-0.65	9.175	1.6285350323	1.4906	3.9397	3.87	1.158	1.097	2
-0.65	9.175	1.6285787821	1.4782	3.9368	3.871	1.188	1.121	2
-0.65	9.175	1.6286373138	1.4541	3.9276	3.858	1.248	1.161	2
-0.65	9.175	1.6287056208	1.4472	3.9165	3.8204	1.273	1.16	2
-0.65	9.175	1.6287993193	1.4601	3.9043	3.7591	1.257	1.115	2
-0.65	9.175	1.6289248466	1.4755	3.8919	3.6938	1.242	1.068	2
-0.65	9.175	1.6290858984	1.4848	3.8793	3.6342	1.25	1.044	2
-0.65	9.175	1.6292893887	1.4901	3.8663	3.577	1.273	1.035	2
-0.65	9.175	1.629534483	1.4924	3.853	3.5216	1.308	1.037	2
-0.65	9.175	1.6298116446	1.4925	3.8397	3.4684	1.352	1.046	2
-0.65	9.175	1.6301039457	1.4909	3.8274	3.4207	1.401	1.061	2
-0.65	9.175	1.6303944588	1.4878	3.8167	3.3814	1.45	1.079	2
-0.65	9.175	1.6306716204	1.4834	3.8077	3.3498	1.499	1.1	2
-0.65	9.175	1.6309384108	1.4782	3.7995	3.3223	1.549	1.122	2
-0.65	9.175	1.6312134266	1.4696	3.792	3.3007	1.609	1.156	2
-0.65	9.175	1.6315290928	1.4578	3.7838	3.2799	1.683	1.201	2
-0.65	9.175	1.6318923235	1.4379	3.7749	3.2645	1.781	1.267	2
-0.65	9.175	1.6322911978	1.4063	3.7654	3.2581	1.911	1.363	2
-0.65	9.175	1.6325942278	1.3769	3.7582	3.2586	2.024	1.449	2
-0.65	9.175	1.6328750849	1.3508	3.7514	3.2577	2.127	1.527	2
-0.65	9.175	1.6332345009	1.3304	3.7431	3.245	2.227	1.597	3
-0.65	9.175	1.6337844133	1.3524	3.7336	3.185	2.23	1.564	3
-0.65	9.175	1.6342418194	1.3929	3.7281	3.1229	2.163	1.477	3
-0.65	9.175	1.6346070766	1.4306	3.7248	3.0722	2.09	1.392	3
-0.65	9.175	1.6349718571	1.4699	3.722	3.0216	2.01	1.301	3
-0.65	9.175	1.6353330612	1.5096	3.7195	2.9719	1.927	1.209	3
-0.65	9.175	1.6356933117	1.5497	3.7172	2.9226	1.844	1.117	3
-0.65	9.175	1.6360530853	1.5896	3.7149	2.8736	1.761	1.024	3
-0.65	9.175	1.6364123821	1.6294	3.7126	2.8248	1.678	0.932	3
-0.65	9.175	1.6368608475	1.6789	3.7098	2.7643	1.574	0.817	3
-0.65	9.175	1.6372773647	1.7245	3.7072	2.7083	1.48	0.713	3
-0.65	9.175	1.6376447678	1.7643	3.7049	2.6597	1.398	0.621	3
-0.65	9.175	1.6380878687	1.8116	3.7022	2.6014	1.301	0.513	3
-0.65	9.175	1.6385205984	1.858	3.6995	2.5444	1.207	0.408	3
-0.65	9.175	1.6390147209	1.9113	3.6963	2.4784	1.101	0.287	3
-0.65	9.175	1.6394654512	1.9603	3.6933	2.4175	1.006	0.177	3
-0.65	9.175	1.6398868561	2.007	3.6903	2.359	0.916	0.072	3
-0.65	9.175	1.6404085159	2.0651	3.6866	2.2861	0.808	-0.057	3
-0.65	9.175	1.6409420967	2.1229	3.6828	2.2133	0.701	-0.184	3
-0.65	9.175	1.6414855719	2.1793	3.679	2.142	0.598	-0.307	3
-0.65	9.175	1.6420493126	2.2319	3.6755	2.0753	0.505	-0.42	3
-0.65	9.175	1.6426745653	2.2677	3.6731	2.03	0.441	-0.497	3
-0.65	9.175	1.6430571079	2.2373	3.6753	2.0695	0.493	-0.433	3
-0.65	9.175	1.643386364	2.166	3.6804	2.1613	0.617	-0.281	3
-0.65	9.175	1.6436027288	2.0932	3.6855	2.2544	0.749	-0.122	3
-0.65	9.175	1.6438034773	2.0322	3.6897	2.3324	0.86	0.011	3
-0.65	9.175	1.6439654827	1.9993	3.6919	2.3741	0.922	0.084	3
-0.65	9.175	1.6441378593	2.0207	3.6905	2.3472	0.881	0.036	3
-0.65	9.175	1.6446743011	2.0758	3.6869	2.2778	0.779	-0.085	3
-0.65	9.175	1.6452111006	2.1264	3.6836	2.2142	0.685	-0.197	3
-0.65	9.175	1.6457310915	2.1748	3.6804	2.153	0.597	-0.303	3
-0.65	9.175	1.6462312937	2.2217	3.6772	2.0936	0.513	-0.404	3
-0.65	9.175	1.6467269659	2.2692	3.674	2.0332	0.429	-0.506	3
-0.65	9.175	1.6471874714	2.3146	3.6708	1.9752	0.351	-0.603	3
-0.65	9.175	1.6476228237	2.3592	3.6677	1.9181	0.277	-0.697	3
-0.65	9.175	1.6480351686	2.4034	3.6645	1.8613	0.207	-0.788	3
-0.65	9.175	1.648419261	2.4466	3.6613	1.8056	0.138	-0.878	3
-0.65	9.175	1.6487816572	2.4895	3.6582	1.7504	0.071	-0.965	3
-0.65	9.175	1.649111867	2.5307	3.6551	1.697	0.009	-1.047	3
-0.65	9.175	1.6494270563	2.572	3.6521	1.6437	-0.053	-1.13	3
-0.65	9.175	1.6497226954	2.6129	3.6491	1.5907	-0.114	-1.211	3
-0.65	9.175	1.6499938965	2.6526	3.646	1.5389	-0.17	-1.287	3
-0.65	9.175	1.6502455473	2.6915	3.643	1.488	-0.224	-1.362	3
-0.65	9.175	1.6504814625	2.7301	3.64	1.4375	-0.279	-1.436	3
-0.65	9.175	1.6507014036	2.7681	3.637	1.3876	-0.329	-1.506	3
-0.65	9.175	1.6509053707	2.8053	3.6341	1.3387	-0.379	-1.575	3
-0.65	9.175	1.6510983706	2.8424	3.6312	1.29	-0.428	-1.644	3
-0.65	9.175	1.65127635	2.8785	3.6283	1.2425	-0.475	-1.709	3
-0.65	9.175	1.6514421701	2.9138	3.6255	1.1957	-0.518	-1.771	3
-0.65	9.175	1.6515985727	2.9488	3.6227	1.1498	-0.563	-1.834	3
-0.65	9.175	1.6517453194	2.9834	3.62	1.1043	-0.605	-1.895	3
-0.65	9.175	1.6518816948	3.0167	3.6172	1.0597	-0.642	-1.95	3
-0.65	9.175	1.6519739628	3.0394	3.6154	1.0299	-0.669	-1.988	4
-0.65	9.175	1.6534067392	1.8007	3.7174	2.6768	1.214	0.488	4
-0.65	9.175	1.6546757221	1.8073	3.7169	2.6687	1.201	0.473	4
-0.65	9.175	1.6559412479	1.8108	3.717	2.6662	1.191	0.464	4
-0.65	9.175	1.6572676897	1.8138	3.7173	2.6645	1.182	0.455	4
-0.65	9.175	1.6585754156	1.8171	3.7176	2.6625	1.172	0.446	4
-0.65	9.175	1.6598421335	1.8204	3.7178	2.6604	1.162	0.437	4
-0.65	9.175	1.661131978	1.8238	3.718	2.6582	1.152	0.428	4
-0.65	9.175	1.6624099016	1.8273	3.7182	2.656	1.141	0.419	4
-0.65	9.175	1.6637696028	1.8312	3.7184	2.6532	1.13	0.408	4
-0.65	9.175	1.6651268005	1.8353	3.7186	2.6502	1.119	0.397	4
-0.65	9.175	1.6664998531	1.8395	3.7188	2.6472	1.107	0.386	4
-0.65	9.175	1.6678850651	1.8437	3.7189	2.6439	1.095	0.375	4
-0.65	9.175	1.6692370176	1.8479	3.7191	2.6407	1.083	0.364	4
-0.65	9.175	1.6705567837	1.8521	3.7192	2.6375	1.072	0.353	4
-0.65	9.175	1.6719106436	1.8564	3.7194	2.634	1.06	0.342	4
-0.65	9.175	1.6729228497	1.8597	3.7195	2.6314	1.051	0.334	4
-0.65	9.175	1.6732251644	1.8607	3.7195	2.6306	1.049	0.331	4
-0.65	9.175	1.6744456291	1.8646	3.7196	2.6273	1.038	0.321	4
-0.65	9.175	1.6757581234	1.8689	3.7197	2.6238	1.027	0.31	4
-0.65	9.175	1.6770333052	1.8731	3.7197	2.6202	1.016	0.299	4
-0.65	9.175	1.6772316694	1.8737	3.7197	2.6197	1.014	0.297	4
-0.65	9.175	1.6773737669	1.8735	3.7198	2.6201	1.014	0.298	4
-0.65	9.175	1.6797215939	1.8688	3.7201	2.6267	1.024	0.309	4
-0.65	9.175	1.6854153872	1.8571	3.7208	2.6428	1.048	0.336	4
-0.65	9.175	1.7140345573	1.799	3.7242	2.7219	1.17	0.472	4
-0.65	9.175	1.7266807556	1.7738	3.7256	2.7559	1.224	0.531	5
-0.65	9.175	1.7364053726	1.8081	3.7249	2.7211	1.143	0.447	5
-0.65	9.175	1.7390905619	1.8175	3.7245	2.7108	1.122	0.425	6
-0.65	9.175	1.7476190329	1.8546	3.7209	2.6614	1.054	0.342	6
-0.65	9.175	1.753074646	1.9038	3.7141	2.5862	0.981	0.241	6
-0.65	9.175	1.7539302111	1.9528	3.7084	2.5147	0.901	0.137	6
-0.65	9.175	1.7541407347	1.9948	3.7044	2.4568	0.829	0.047	6
-0.65	9.175	1.754229188	2.0359	3.7008	2.4013	0.756	-0.043	6
-0.65	9.175	1.7542644739	2.0665	3.6983	2.3608	0.702	-0.11	7
-0.65	9.175	1.7542740107	2.0776	3.6974	2.346	0.682	-0.135	7
-0.65	9.175	1.7543138266	2.1291	3.6934	2.2787	0.589	-0.248	7
-0.65	9.175	1.7543592453	2.182	3.6894	2.2095	0.495	-0.364	7
-0.65	9.175	1.7545154095	2.149	3.692	2.2533	0.552	-0.292	7
-0.65	9.175	1.7568686008	2.1462	3.6924	2.2582	0.556	-0.287	7
-0.65	9.175	1.7580705881	2.1953	3.6887	2.1944	0.468	-0.394	7
-0.65	9.175	1.7587815523	2.2367	3.6855	2.1407	0.396	-0.483	7
-0.65	9.175	1.75933218	2.2793	3.6823	2.0853	0.321	-0.575	7
-0.65	9.175	1.7597792149	2.3215	3.6791	2.0304	0.248	-0.665	7
-0.65	9.175	1.7601534128	2.3628	3.6759	1.9764	0.18	-0.751	7
-0.65	9.175	1.7604800463	2.4038	3.6728	1.9229	0.114	-0.837	7
-0.65	9.175	1.7607731819	2.4446	3.6696	1.8695	0.049	-0.922	7
-0.65	9.175	1.7610446215	2.4858	3.6664	1.8156	-0.015	-1.006	7
-0.65	9.175	1.7613002062	2.5284	3.663	1.7596	-0.079	-1.093	7
-0.65	9.175	1.7615395784	2.5749	3.6593	1.6983	-0.148	-1.186	7
-0.65	9.175	1.7617534399	2.629	3.655	1.6269	-0.226	-1.292	7
-0.65	9.175	1.7619254589	2.6884	3.6502	1.5482	-0.311	-1.408	7
-0.65	9.175	1.7620521784	2.7444	3.6456	1.4739	-0.386	-1.514	7
-0.65	9.175	1.7621548176	2.7985	3.6411	1.4022	-0.459	-1.615	7
-0.65	9.175	1.7622355223	2.8434	3.6373	1.3421	-0.516	-1.697	7
-0.65	9.175	1.7622385025	2.8455	3.6372	1.3393	-0.519	-1.701	7
-0.65	9.175	1.7622413635	2.8476	3.637	1.3364	-0.522	-1.705	7
-0.65	9.175	1.7622443438	2.8497	3.6368	1.3336	-0.524	-1.708	7
-0.65	9.175	1.7622472048	2.8518	3.6366	1.3308	-0.527	-1.712	7
-0.65	9.175	1.762250185	2.8539	3.6365	1.328	-0.529	-1.716	7
-0.65	9.175	1.762253046	2.856	3.6363	1.3252	-0.532	-1.72	7
-0.65	9.175	1.7622560263	2.8581	3.6361	1.3224	-0.535	-1.723	7
-0.65	9.175	1.7622590065	2.8602	3.6359	1.3196	-0.537	-1.727	7
-0.65	9.175	1.7622618675	2.8623	3.6357	1.3168	-0.54	-1.731	7
-0.65	9.175	1.7622648478	2.8644	3.6356	1.314	-0.542	-1.735	7
-0.65	9.175	1.7622677088	2.8665	3.6354	1.3111	-0.545	-1.738	7
-0.65	9.175	1.762270689	2.8686	3.6352	1.3083	-0.548	-1.742	7
-0.65	9.175	1.76227355	2.8706	3.635	1.3055	-0.55	-1.746	7
-0.65	9.175	1.7622765303	2.8727	3.6348	1.3027	-0.553	-1.75	7
-0.65	9.175	1.7622795105	2.8748	3.6347	1.2999	-0.556	-1.753	7
-0.65	9.175	1.7622823715	2.8769	3.6345	1.2971	-0.558	-1.757	7
-0.65	9.175	1.7622853518	2.879	3.6343	1.2943	-0.561	-1.761	7
-0.65	9.175	1.7622882128	2.8811	3.6341	1.2915	-0.563	-1.765	7
-0.65	9.175	1.762291193	2.8832	3.634	1.2887	-0.566	-1.768	7
-0.65	9.175	1.7622941732	2.8853	3.6338	1.2859	-0.569	-1.772	7
-0.65	9.175	1.7622970343	2.8874	3.6336	1.283	-0.571	-1.776	7
-0.65	9.175	1.7623000145	2.8895	3.6334	1.2802	-0.574	-1.78	7
-0.65	9.175	1.7623028755	2.8916	3.6332	1.2774	-0.576	-1.784	7
-0.65	9.175	1.7623058558	2.8937	3.6331	1.2746	-0.579	-1.787	7
-0.65	9.175	1.7623087168	2.8958	3.6329	1.2718	-0.582	-1.791	7
-0.65	9.175	1.762311697	2.8979	3.6327	1.269	-0.584	-1.795	7
-0.65	9.175	1.7623146772	2.9	3.6325	1.2662	-0.587	-1.799	7
-0.65	9.175	1.7623175383	2.9021	3.6324	1.2634	-0.589	-1.802	7
-0.65	9.175	1.7623205185	2.9042	3.6322	1.2606	-0.592	-1.806	7
-0.65	9.175	1.7623233795	2.9062	3.632	1.2579	-0.595	-1.81	7
-0.65	9.175	1.7623263597	2.9083	3.6318	1.2551	-0.597	-1.814	7
-0.65	9.175	1.7623292208	2.9104	3.6317	1.2523	-0.6	-1.817	7
-0.65	9.175	1.762332201	2.9125	3.6315	1.2495	-0.602	-1.821	7
-0.65	9.175	1.7623351812	2.9146	3.6313	1.2467	-0.605	-1.825	7
-0.65	9.175	1.7623380423	2.9167	3.6311	1.2439	-0.608	-1.829	7
-0.65	9.175	1.7623410225	2.9187	3.6309	1.2411	-0.61	-1.832	7
-0.65	9.175	1.7623438835	2.9208	3.6308	1.2384	-0.613	-1.836	7
-0.65	9.175	1.7623468637	2.9229	3.6306	1.2356	-0.615	-1.84	7
-0.65	9.175	1.762349844	2.925	3.6304	1.2328	-0.618	-1.844	7
-0.65	9.175	1.762352705	2.9271	3.6302	1.23	-0.621	-1.847	7
-0.65	9.175	1.7623556852	2.9292	3.6301	1.2272	-0.623	-1.851	7
-0.65	9.175	1.7623585463	2.9312	3.6299	1.2244	-0.626	-1.855	7
-0.65	9.175	1.7623615265	2.9333	3.6297	1.2217	-0.628	-1.858	7
-0.65	9.175	1.7623643875	2.9354	3.6295	1.2189	-0.631	-1.862	7
-0.65	9.175	1.7623673677	2.9375	3.6294	1.2161	-0.633	-1.866	7
-0.65	9.175	1.762370348	2.9396	3.6292	1.2133	-0.636	-1.869	7
-0.65	9.175	1.762373209	2.9416	3.629	1.2105	-0.638	-1.873	7
-0.65	9.175	1.7623761892	2.9437	3.6288	1.2077	-0.641	-1.876	7
-0.65	9.175	1.7623790503	2.9458	3.6287	1.2049	-0.643	-1.88	7
-0.65	9.175	1.7623820305	2.9479	3.6285	1.2022	-0.645	-1.884	7
-0.65	9.175	1.7623848915	2.95	3.6283	1.1994	-0.648	-1.887	7
-0.65	9.175	1.7623878717	2.9521	3.6281	1.1966	-0.65	-1.891	7
-0.65	9.175	1.7623989582	2.9601	3.6275	1.1858	-0.66	-1.905	7
-0.65	9.175	1.7624100447	2.9681	3.6268	1.1751	-0.669	-1.919	7
-0.65	9.175	1.7624210119	2.9761	3.6261	1.1643	-0.678	-1.932	7
-0.65	9.175	1.7624320984	2.9842	3.6254	1.1535	-0.688	-1.946	7
-0.65	9.175	1.7624431849	2.9922	3.6247	1.1428	-0.697	-1.96	7
-0.65	9.175	1.7624542713	3.0002	3.624	1.132	-0.706	-1.974	7
-0.65	9.175	1.7624653578	3.0083	3.6233	1.1212	-0.716	-1.988	7
-0.65	9.175	1.762476325	3.0163	3.6227	1.1105	-0.725	-2.001	7
-0.65	9.175	1.7624874115	3.0243	3.622	1.0997	-0.734	-2.015	7
-0.65	9.175	1.762498498	3.0323	3.6213	1.0889	-0.744	-2.029	7
-0.65	9.175	1.7625095844	3.0404	3.6206	1.0782	-0.753	-2.043	7
-0.65	9.175	1.7625206709	3.0484	3.6199	1.0674	-0.762	-2.056	7
-0.65	9.175	1.7625317574	3.0564	3.6192	1.0566	-0.771	-2.07	7
-0.65	9.175	1.7625427246	3.0645	3.6185	1.0459	-0.779	-2.083	7
-0.65	9.175	1.7625538111	3.0725	3.6179	1.0351	-0.788	-2.096	7
-0.65	9.175	1.7625648975	3.0805	3.6172	1.0243	-0.797	-2.109	7
-0.65	9.175	1.762575984	3.0885	3.6165	1.0135	-0.805	-2.122	7
-0.65	9.175	1.7625870705	3.0966	3.6158	1.0028	-0.814	-2.135	7
-0.65	9.175	1.7625980377	3.1046	3.6151	0.992	-0.821	-2.148	7
-0.65	9.175	1.7626091242	3.1126	3.6144	0.9812	-0.827	-2.161	7
-0.65	9.175	1.7626202106	3.1207	3.6137	0.9705	-0.833	-2.174	7
-0.65	9.175	1.7626312971	3.1287	3.6131	0.9597	-0.839	-2.186	7
-0.65	9.175	1.7626423836	3.1367	3.6124	0.9489	-0.846	-2.199	7
-0.65	9.175	1.7626533508	3.1447	3.6117	0.9382	-0.852	-2.212	7
-0.65	9.175	1.7626644373	3.1528	3.611	0.9274	-0.858	-2.225	7
-0.65	9.175	1.7626755238	3.1608	3.6103	0.9166	-0.864	-2.238	8
-0.65	9.175	1.762675643	3.1608	3.6101	0.9159	-0.861	-2.236	8
-0.65	9.175	1.7626757622	3.1608	3.6098	0.9147	-0.856	-2.233	8
-0.65	9.175	1.7626758814	3.1609	3.6095	0.9133	-0.85	-2.229	8
-0.65	9.175	1.7626802921	3.1641	3.609	0.908	-0.85	-2.232	8
-0.65	9.175	1.7626845837	3.1674	3.6087	0.9034	-0.851	-2.237	8
-0.65	9.175	1.7626888752	3.1707	3.6084	0.8988	-0.853	-2.241	8
-0.65	9.175	1.7626932859	3.174	3.6081	0.8942	-0.855	-2.246	8
-0.65	9.175	1.7626976967	3.1772	3.6078	0.8895	-0.856	-2.25	8
-0.65	9.175	1.7627019882	3.1805	3.6075	0.8849	-0.858	-2.255	8
-0.65	9.175	1.7627062798	3.1838	3.6072	0.8803	-0.859	-2.26	8
-0.65	9.175	1.7627106905	3.1871	3.6069	0.8756	-0.861	-2.264	8
-0.65	9.175	1.7627151012	3.1903	3.6066	0.871	-0.863	-2.269	8
-0.65	9.175	1.7627193928	3.1936	3.6062	0.8664	-0.864	-2.274	8
-0.65	9.175	1.7627236843	3.1969	3.6059	0.8617	-0.866	-2.278	8
-0.65	9.175	1.7627280951	3.2002	3.6056	0.8571	-0.868	-2.283	8
-0.65	9.175	1.7627325058	3.2034	3.6053	0.8525	-0.869	-2.287	8
-0.65	9.175	1.7627367973	3.2067	3.605	0.8479	-0.871	-2.292	8
-0.65	9.175	1.7627410889	3.21	3.6047	0.8432	-0.873	-2.297	8
-0.65	9.175	1.7627454996	3.2133	3.6044	0.8386	-0.874	-2.301	8
-0.65	9.175	1.7627499104	3.2165	3.6041	0.834	-0.876	-2.306	8
-0.65	9.175	1.7627542019	3.2198	3.6038	0.8293	-0.878	-2.311	8
-0.65	9.175	1.7627584934	3.2231	3.6035	0.8247	-0.879	-2.315	8
-0.65	9.175	1.7627629042	3.2263	3.6031	0.8201	-0.881	-2.32	8
-0.65	9.175	1.7627673149	3.2296	3.6028	0.8154	-0.883	-2.325	8
-0.65	9.175	1.7627716064	3.2329	3.6025	0.8108	-0.884	-2.329	8
-0.65	9.175	1.762775898	3.2362	3.6022	0.8062	-0.886	-2.334	8
-0.65	9.175	1.7627803087	3.2394	3.6019	0.8015	-0.888	-2.339	8
-0.65	9.175	1.7627847195	3.2427	3.6016	0.7969	-0.889	-2.343	8
-0.65	9.175	1.762789011	3.246	3.6013	0.7923	-0.891	-2.348	8
-0.65	9.175	1.7627940178	3.248	3.6011	0.7893	-0.892	-2.351	8
-0.65	9.175	1.7627991438	3.25	3.6009	0.7864	-0.893	-2.353	8
-0.65	9.175	1.7628041506	3.252	3.6007	0.7835	-0.894	-2.356	8
-0.65	9.175	1.7628091574	3.2539	3.6005	0.7805	-0.895	-2.359	8
-0.65	9.175	1.7628141642	3.2559	3.6003	0.7776	-0.895	-2.362	8
-0.65	9.175	1.7628192902	3.2579	3.6001	0.7747	-0.896	-2.364	8
-0.65	9.175	1.762824297	3.2599	3.5999	0.7717	-0.897	-2.367	8
-0.65	9.175	1.7628293037	3.2619	3.5997	0.7688	-0.898	-2.37	8
-0.65	9.175	1.7628343105	3.2639	3.5995	0.7659	-0.899	-2.372	8
-0.65	9.175	1.7628394365	3.2659	3.5993	0.7629	-0.899	-2.375	8
-0.65	9.175	1.7628444433	3.2679	3.5991	0.76	-0.9	-2.378	8
-0.65	9.175	1.7628494501	3.2699	3.5989	0.7571	-0.901	-2.38	8
-0.65	9.175	1.7628545761	3.2719	3.5987	0.7541	-0.901	-2.383	8
-0.65	9.175	1.7628595829	3.2738	3.5985	0.7512	-0.902	-2.385	8
-0.65	9.175	1.7628645897	3.2758	3.5983	0.7483	-0.903	-2.388	8
-0.65	9.175	1.7628695965	3.2778	3.5982	0.7453	-0.904	-2.39	8
-0.65	9.175	1.7628747225	3.2798	3.598	0.7424	-0.904	-2.393	8
-0.65	9.175	1.7628797293	3.2818	3.5978	0.7394	-0.905	-2.396	8
-0.65	9.175	1.7628847361	3.2838	3.5976	0.7365	-0.906	-2.398	8
-0.65	9.175	1.7628897429	3.2858	3.5974	0.7336	-0.906	-2.401	8
-0.65	9.175	1.7628948689	3.2878	3.5972	0.7306	-0.907	-2.403	8
-0.65	9.175	1.7628998756	3.2898	3.597	0.7277	-0.908	-2.406	8
-0.65	9.175	1.7629048824	3.2918	3.5968	0.7248	-0.908	-2.409	8
-0.65	9.175	1.7629098892	3.2937	3.5966	0.7218	-0.909	-2.411	8
-0.65	9.175	1.7629150152	3.2957	3.5964	0.7189	-0.91	-2.414	8
-0.65	9.175	1.762920022	3.2977	3.5962	0.716	-0.911	-2.416	8
-0.65	9.175	1.7629259825	3.3001	3.5959	0.7123	-0.911	-2.419	8
-0.65	9.175	1.7629320621	3.3025	3.5957	0.7087	-0.912	-2.422	8
-0.65	9.175	1.7629380226	3.3049	3.5954	0.705	-0.912	-2.425	8
-0.65	9.175	1.7629441023	3.3074	3.5952	0.7014	-0.913	-2.428	8
-0.65	9.175	1.7629500628	3.3098	3.5949	0.6977	-0.914	-2.431	8
-0.65	9.175	1.7629561424	3.3122	3.5947	0.6941	-0.914	-2.434	8
-0.65	9.175	1.7629621029	3.3146	3.5944	0.6904	-0.915	-2.437	8
-0.65	9.175	1.7629680634	3.317	3.5942	0.6868	-0.916	-2.44	8
-0.65	9.175	1.762974143	3.3194	3.5939	0.6831	-0.916	-2.443	8
-0.65	9.175	1.7629801035	3.3218	3.5937	0.6795	-0.917	-2.446	8
-0.65	9.175	1.7629861832	3.3242	3.5934	0.6758	-0.917	-2.45	8
-0.65	9.175	1.7629921436	3.3266	3.5932	0.6721	-0.918	-2.453	8
-0.65	9.175	1.7629981041	3.329	3.5929	0.6685	-0.919	-2.456	8
-0.65	9.175	1.7630041838	3.3314	3.5927	0.6648	-0.919	-2.459	8
-0.65	9.175	1.7630101442	3.3339	3.5924	0.6612	-0.92	-2.462	8
-0.65	9.175	1.7630162239	3.3363	3.5922	0.6575	-0.92	-2.465	8
-0.65	9.175	1.7630221844	3.3387	3.5919	0.6539	-0.921	-2.468	8
-0.65	9.175	1.763028264	3.3411	3.5917	0.6502	-0.922	-2.471	8
-0.65	9.175	1.7630342245	3.3435	3.5914	0.6466	-0.922	-2.474	8
-0.65	9.175	1.763040185	3.3459	3.5912	0.6429	-0.923	-2.477	8
-0.65	9.175	1.7630462646	3.3483	3.5909	0.6393	-0.923	-2.48	8
-0.65	9.175	1.7630522251	3.3507	3.5907	0.6356	-0.924	-2.483	8
-0.65	9.175	1.7630583048	3.3531	3.5904	0.632	-0.925	-2.486	8
-0.65	9.175	1.7630642653	3.3555	3.5902	0.6283	-0.925	-2.489	8
-0.65	9.175	1.7630703449	3.358	3.5899	0.6247	-0.926	-2.492	8
-0.65	9.175	1.7630763054	3.3604	3.5897	0.621	-0.926	-2.495	8
-0.65	9.175	1.7630828619	3.3627	3.5894	0.6172	-0.926	-2.497	8
-0.65	9.175	1.7630895376	3.3651	3.5892	0.6134	-0.926	-2.499	8
-0.65	9.175	1.7630960941	3.3675	3.5889	0.6096	-0.926	-2.502	8
-0.65	9.175	1.7631026506	3.3699	3.5886	0.6058	-0.926	-2.504	8
-0.65	9.175	1.7631092072	3.3723	3.5884	0.602	-0.926	-2.507	8
-0.65	9.175	1.7631158829	3.3747	3.5881	0.5982	-0.925	-2.509	8
-0.65	9.175	1.7631224394	3.3771	3.5878	0.5944	-0.925	-2.511	8
-0.65	9.175	1.7631289959	3.3794	3.5876	0.5906	-0.925	-2.514	8
-0.65	9.175	1.7631355524	3.3818	3.5873	0.5868	-0.925	-2.516	8
-0.65	9.175	1.7631422281	3.3842	3.587	0.583	-0.925	-2.519	8
-0.65	9.175	1.7631487846	3.3866	3.5868	0.5792	-0.925	-2.521	8
-0.65	9.175	1.7631553411	3.389	3.5865	0.5753	-0.925	-2.524	8
-0.65	9.175	1.7631618977	3.3914	3.5862	0.5715	-0.925	-2.526	8
-0.65	9.175	1.7631685734	3.3938	3.586	0.5677	-0.925	-2.528	8
-0.65	9.175	1.7631751299	3.3961	3.5857	0.5639	-0.924	-2.531	8
-0.65	9.175	1.7631816864	3.3985	3.5854	0.5601	-0.924	-2.533	8
-0.65	9.175	1.7631883621	3.4009	3.5852	0.5563	-0.924	-2.536	8
-0.65	9.175	1.7631949186	3.4033	3.5849	0.5525	-0.924	-2.538	8
-0.65	9.175	1.7632014751	3.4057	3.5846	0.5487	-0.924	-2.541	8
-0.65	9.175	1.7632080317	3.4081	3.5843	0.5449	-0.924	-2.543	8
-0.65	9.175	1.7632147074	3.4105	3.5841	0.5411	-0.924	-2.546	8
-0.65	9.175	1.7632212639	3.4128	3.5838	0.5373	-0.924	-2.548	8
-0.65	9.175	1.7632278204	3.4152	3.5835	0.5335	-0.924	-2.551	8
-0.65	9.175	1.7632343769	3.4176	3.5833	0.5296	-0.923	-2.553	8
-0.65	9.175	1.7632410526	3.42	3.583	0.5258	-0.923	-2.556	8
-0.65	9.175	1.7632476091	3.4224	3.5827	0.522	-0.923	-2.558	8
-0.65	9.175	1.7632539272	3.4245	3.5825	0.5184	-0.922	-2.56	8
-0.65	9.175	1.7632602453	3.4265	3.5822	0.5149	-0.922	-2.562	8
-0.65	9.175	1.7632665634	3.4286	3.582	0.5113	-0.921	-2.564	8
-0.65	9.175	1.7632728815	3.4307	3.5817	0.5077	-0.92	-2.566	8
-0.65	9.175	1.7632791996	3.4327	3.5814	0.5041	-0.919	-2.567	8
-0.65	9.175	1.7632855177	3.4348	3.5812	0.5006	-0.919	-2.569	8
-0.65	9.175	1.7632918358	3.4369	3.5809	0.497	-0.918	-2.571	8
-0.65	9.175	1.7632981539	3.439	3.5806	0.4934	-0.918	-2.572	8
-0.65	9.175	1.763304472	3.441	3.5804	0.4898	-0.918	-2.574	8
-0.65	9.175	1.7633107901	3.4431	3.5801	0.4863	-0.917	-2.576	8
-0.65	9.175	1.7633171082	3.4452	3.5798	0.4827	-0.917	-2.577	8
-0.65	9.175	1.7633234262	3.4472	3.5796	0.4791	-0.916	-2.578	8
-0.65	9.175	1.7633297443	3.4493	3.5793	0.4755	-0.915	-2.579	8
-0.65	9.175	1.7633360624	3.4514	3.5791	0.4719	-0.915	-2.58	8
-0.65	9.175	1.7633423805	3.4534	3.5788	0.4684	-0.914	-2.582	8
-0.65	9.175	1.7633486986	3.4555	3.5785	0.4648	-0.913	-2.583	8
-0.65	9.175	1.7633550167	3.4576	3.5783	0.4612	-0.913	-2.584	8
-0.65	9.175	1.7633613348	3.4597	3.578	0.4576	-0.912	-2.585	8
-0.65	9.175	1.7633676529	3.4617	3.5777	0.454	-0.912	-2.586	8
-0.65	9.175	1.763373971	3.4638	3.5775	0.4504	-0.911	-2.587	8
-0.65	9.175	1.7633802891	3.4659	3.5772	0.4469	-0.91	-2.588	8
-0.65	9.175	1.7633866072	3.4679	3.5769	0.4433	-0.91	-2.59	8
-0.65	9.175	1.7633929253	3.47	3.5767	0.4397	-0.909	-2.591	8
-0.65	9.175	1.7633992434	3.4721	3.5764	0.4361	-0.908	-2.592	8
-0.65	9.175	1.7634055614	3.4742	3.5762	0.4325	-0.908	-2.593	8
-0.65	9.175	1.7634118795	3.4762	3.5759	0.4289	-0.907	-2.594	8
-0.65	9.175	1.7634179592	3.4786	3.5755	0.4245	-0.905	-2.594	8
-0.65	9.175	1.7634241581	3.4809	3.5751	0.42	-0.902	-2.594	8
-0.65	9.175	1.7634302378	3.4832	3.5747	0.4156	-0.9	-2.594	8
-0.65	9.175	1.7634364367	3.4856	3.5744	0.4112	-0.897	-2.594	8
-0.65	9.175	1.7634425163	3.4879	3.574	0.4067	-0.895	-2.594	8
-0.65	9.175	1.7634487152	3.4902	3.5736	0.4023	-0.892	-2.594	8
-0.65	9.175	1.7634547949	3.4926	3.5732	0.3978	-0.89	-2.595	8
-0.65	9.175	1.7634608746	3.4949	3.5728	0.3934	-0.887	-2.595	8
-0.65	9.175	1.7634670734	3.4972	3.5724	0.3889	-0.885	-2.595	8
-0.65	9.175	1.7634731531	3.4996	3.572	0.3845	-0.882	-2.595	8
-0.65	9.175	1.763479352	3.5019	3.5717	0.38	-0.88	-2.595	8
-0.65	9.175	1.7634854317	3.5042	3.5713	0.3756	-0.878	-2.595	8
-0.65	9.175	1.7634916306	3.5066	3.5709	0.3711	-0.875	-2.595	8
-0.65	9.175	1.7634977102	3.5089	3.5705	0.3666	-0.873	-2.595	8
-0.65	9.175	1.7635037899	3.5112	3.5701	0.3622	-0.87	-2.595	8
-0.65	9.175	1.7635099888	3.5136	3.5697	0.3577	-0.867	-2.594	8
-0.65	9.175	1.7635160685	3.5159	3.5694	0.3533	-0.865	-2.593	8
-0.65	9.175	1.7635222673	3.5182	3.569	0.3488	-0.862	-2.592	8
-0.65	9.175	1.763528347	3.5206	3.5686	0.3444	-0.859	-2.591	8
-0.65	9.175	1.7635344267	3.5229	3.5682	0.3399	-0.856	-2.59	8
-0.65	9.175	1.7635406256	3.5252	3.5678	0.3355	-0.853	-2.589	8
-0.65	9.175	1.7635467052	3.5276	3.5674	0.331	-0.85	-2.588	8
-0.65	9.175	1.7635529041	3.5299	3.5671	0.3265	-0.847	-2.587	8
-0.65	9.175	1.7635589838	3.5322	3.5667	0.3221	-0.845	-2.586	8
-0.65	9.175	1.7635651827	3.5346	3.5663	0.3176	-0.842	-2.584	8
-0.65	9.175	1.7635712624	3.5369	3.5659	0.3131	-0.839	-2.583	8
-0.65	9.175	1.7635769844	3.5391	3.5652	0.3073	-0.828	-2.576	8
-0.65	9.175	1.7635825872	3.5413	3.5644	0.3015	-0.817	-2.568	8
-0.65	9.175	1.7635883093	3.5434	3.5637	0.2957	-0.807	-2.56	8
-0.65	9.175	1.7635940313	3.5456	3.5629	0.2898	-0.796	-2.552	8
-0.65	9.175	1.7635997534	3.5478	3.5622	0.284	-0.785	-2.544	8
-0.65	9.175	1.7636053562	3.55	3.5614	0.2782	-0.775	-2.537	8
-0.65	9.175	1.7636110783	3.5521	3.5607	0.2724	-0.764	-2.529	8
-0.65	9.175	1.7636168003	3.5543	3.56	0.2665	-0.753	-2.521	8
-0.65	9.175	1.7636225224	3.5565	3.5592	0.2607	-0.741	-2.51	8
-0.65	9.175	1.7636281252	3.5587	3.5585	0.2549	-0.728	-2.498	8
-0.65	9.175	1.7636338472	3.5608	3.5577	0.249	-0.618	-2.736	8
-0.65	9.175	1.7636395693	3.563	3.557	0.2432	-0.612	-2.732	8
-0.65	9.175	1.7636451721	3.5652	3.5563	0.2374	-0.606	-2.728	8
-0.65	9.175	1.7636508942	3.5674	3.5555	0.2315	-0.6	-2.723	8
-0.65	9.175	1.7636566162	3.5695	3.5548	0.2257	-0.593	-2.718	8
-0.65	9.175	1.7636623383	3.5717	3.554	0.2198	-0.587	-2.714	8
-0.65	9.175	1.7636679411	3.5739	3.5533	0.214	-0.581	-2.709	8
-0.65	9.175	1.7636736631	3.5761	3.5525	0.2082	-0.574	-2.705	8
-0.65	9.175	1.7636793852	3.5783	3.5518	0.2023	-0.568	-2.7	8
-0.65	9.175	1.7636851072	3.5804	3.5511	0.1965	-0.561	-2.695	8
-0.65	9.175	1.7636907101	3.5826	3.5503	0.1906	-0.555	-2.691	8
-0.65	9.175	1.7636964321	3.5848	3.5496	0.1848	-0.549	-2.686	8
-0.65	9.175	1.7637021542	3.587	3.5488	0.1789	-0.542	-2.681	8
-0.65	9.175	1.7637078762	3.5891	3.5481	0.1731	-0.536	-2.677	8
-0.65	9.175	1.763713479	3.5913	3.5473	0.1672	-0.529	-2.672	8
-0.65	9.175	1.7637192011	3.5935	3.5466	0.1614	-0.523	-2.667	8
-0.65	9.175	1.7637239695	3.5954	3.5458	0.1557	-0.516	-2.662	8
-0.65	9.175	1.7637287378	3.5973	3.5451	0.1499	-0.508	-2.656	8
-0.65	9.175	1.7637335062	3.5993	3.5443	0.1442	-0.501	-2.651	8
-0.65	9.175	1.7637382746	3.6012	3.5435	0.1385	-0.494	-2.645	8
-0.65	9.175	1.7637430429	3.6031	3.5428	0.1328	-0.487	-2.638	8
-0.65	9.175	1.7637478113	3.6051	3.542	0.127	-0.481	-2.632	8
-0.65	9.175	1.7637524605	3.607	3.5413	0.1213	-0.474	-2.626	8
-0.65	9.175	1.7637572289	3.6089	3.5405	0.1156	-0.467	-2.619	8
-0.65	9.175	1.7637619972	3.6109	3.5397	0.1099	-0.461	-2.613	8
-0.65	9.175	1.7637667656	3.6128	3.539	0.1041	-0.454	-2.607	8
-0.65	9.175	1.763771534	3.6147	3.5382	0.0984	-0.448	-2.601	8
-0.65	9.175	1.7637763023	3.6167	3.5374	0.0927	-0.441	-2.595	8
-0.65	9.175	1.7637810707	3.6186	3.5367	0.0869	-0.435	-2.588	8
-0.65	9.175	1.7637858391	3.6205	3.5359	0.0812	-0.429	-2.582	8
-0.65	9.175	1.7637906075	3.6225	3.5352	0.0754	-0.422	-2.576	8
-0.65	9.175	1.7637953758	3.6244	3.5344	0.0697	-0.416	-2.57	8
-0.65	9.175	1.7638001442	3.6263	3.5336	0.064	-0.41	-2.564	8
-0.65	9.175	1.7638049126	3.6283	3.5329	0.0582	-0.404	-2.558	8
-0.65	9.175	1.7638096809	3.6302	3.5321	0.0525	-0.398	-2.552	8
-0.65	9.175	1.7638143301	3.6321	3.5313	0.0467	-0.392	-2.546	8
-0.65	9.175	1.7638190985	3.634	3.5306	0.041	-0.386	-2.541	8
-0.65	9.175	1.7638238668	3.636	3.5298	0.0352	-0.38	-2.535	8
-0.65	9.175	1.7638286352	3.6379	3.5291	0.0295	-0.375	-2.529	8
-0.65	9.175	1.7638334036	3.6398	3.5283	0.0237	-0.369	-2.523	8
-0.65	9.175	1.763838172	3.6418	3.5275	0.018	-0.363	-2.518	8
-0.65	9.175	1.7638429403	3.6437	3.5268	0.0122	-0.357	-2.512	8
-0.65	9.175	1.7638474703	3.6455	3.5261	0.0068	-0.35	-2.506	8
-0.65	9.175	1.763851881	3.6472	3.5254	0.0013	-0.344	-2.501	8
-0.65	9.175	1.763856411	3.649	3.5247	-0.0042	-0.336	-2.495	8
-0.65	9.175	1.7638609409	3.6508	3.524	-0.0096	-0.328	-2.489	8
-0.65	9.175	1.7638653517	3.6525	3.5233	-0.0151	-0.319	-2.482	8
-0.65	9.175	1.7638698816	3.6543	3.5226	-0.0206	-0.311	-2.476	8
-0.65	9.175	1.7638744116	3.6561	3.5219	-0.026	-0.303	-2.47	8
-0.65	9.175	1.7638789415	3.6579	3.5212	-0.0315	-0.295	-2.463	8
-0.65	9.175	1.7638833523	3.6596	3.5205	-0.037	-0.286	-2.457	8
-0.65	9.175	1.7638878822	3.6614	3.5198	-0.0425	-0.278	-2.45	8
-0.65	9.175	1.7638924122	3.6632	3.5191	-0.048	-0.27	-2.444	8
-0.65	9.175	1.7638968229	3.6649	3.5184	-0.0534	-0.262	-2.438	8
-0.65	9.175	1.7639013529	3.6667	3.5177	-0.0589	-0.254	-2.432	8
-0.65	9.175	1.7639058828	3.6685	3.517	-0.0644	-0.247	-2.427	8
-0.65	9.175	1.7639102936	3.6702	3.5163	-0.0699	-0.24	-2.422	8
-0.65	9.175	1.7639148235	3.672	3.5156	-0.0754	-0.232	-2.417	8
-0.65	9.175	1.7639193535	3.6738	3.5149	-0.0809	-0.225	-2.411	8
-0.65	9.175	1.7639237642	3.6755	3.5142	-0.0864	-0.218	-2.406	8
-0.65	9.175	1.7639282942	3.6773	3.5135	-0.0919	-0.211	-2.401	8
-0.65	9.175	1.7639328241	3.6791	3.5128	-0.0974	-0.204	-2.396	8
-0.65	9.175	1.7639373541	3.6808	3.5121	-0.1029	-0.197	-2.392	8
-0.65	9.175	1.7639417648	3.6826	3.5114	-0.1084	-0.19	-2.387	8
-0.65	9.175	1.7639462948	3.6844	3.5107	-0.1139	-0.184	-2.382	8
-0.65	9.175	1.7639508247	3.6861	3.51	-0.1194	-0.177	-2.377	8
-0.65	9.175	1.7639552355	3.6879	3.5093	-0.1249	-0.17	-2.372	8
-0.65	9.175	1.7639597654	3.6897	3.5086	-0.1304	-0.164	-2.368	8
-0.65	9.175	1.7639638186	3.6913	3.508	-0.1356	-0.158	-2.364	8
-0.65	9.175	1.7639677525	3.6929	3.5074	-0.1407	-0.153	-2.36	8
-0.65	9.175	1.7639718056	3.6945	3.5068	-0.1458	-0.147	-2.356	8
-0.65	9.175	1.7639758587	3.6961	3.5062	-0.151	-0.142	-2.353	8
-0.65	9.175	1.7639799118	3.6977	3.5056	-0.1561	-0.136	-2.349	8
-0.65	9.175	1.7639838457	3.6993	3.505	-0.1613	-0.131	-2.346	8
-0.65	9.175	1.7639878988	3.7009	3.5044	-0.1664	-0.126	-2.342	8
-0.65	9.175	1.7639919519	3.7025	3.5038	-0.1716	-0.12	-2.339	8
-0.65	9.175	1.7639960051	3.7041	3.5032	-0.1768	-0.115	-2.335	8
-0.65	9.175	1.763999939	3.7057	3.5026	-0.1819	-0.11	-2.332	8
-0.65	9.175	1.7640039921	3.7073	3.502	-0.1871	-0.105	-2.329	8
-0.65	9.175	1.7640080452	3.7089	3.5014	-0.1923	-0.099	-2.325	8
-0.65	9.175	1.7640120983	3.7105	3.5008	-0.1974	-0.094	-2.322	8
-0.65	9.175	1.7640160322	3.7121	3.5002	-0.2026	-0.089	-2.318	8
-0.65	9.175	1.7640200853	3.7137	3.4996	-0.2078	-0.083	-2.314	8
-0.65	9.175	1.7640241385	3.7153	3.499	-0.213	-0.078	-2.311	8
-0.65	9.175	1.7640280724	3.7169	3.4984	-0.2181	-0.072	-2.307	8
-0.65	9.175	1.7640321255	3.7185	3.4978	-0.2233	-0.066	-2.303	8
-0.65	9.175	1.7640361786	3.7201	3.4972	-0.2285	-0.061	-2.3	8
-0.65	9.175	1.7640402317	3.7217	3.4966	-0.2337	-0.055	-2.296	8
-0.65	9.175	1.7640441656	3.7233	3.496	-0.2389	-0.05	-2.293	8
-0.65	9.175	1.7640482187	3.725	3.4954	-0.2441	-0.044	-2.289	8
-0.65	9.175	1.7640522718	3.7266	3.4948	-0.2493	-0.039	-2.286	8
-0.65	9.175	1.764056325	3.7282	3.4942	-0.2545	-0.034	-2.283	8
-0.65	9.175	1.7640602589	3.7298	3.4936	-0.2598	-0.028	-2.279	8
-0.65	9.175	1.764064312	3.7314	3.493	-0.265	-0.023	-2.276	8
-0.65	9.175	1.7640678883	3.7329	3.4923	-0.2718	-0.016	-2.271	8
-0.65	9.175	1.7640714645	3.7345	3.4916	-0.2787	-0.008	-2.267	8
-0.65	9.175	1.76407516	3.736	3.4909	-0.2857	-0.002	-2.263	8
-0.65	9.175	1.7640787363	3.7375	3.4902	-0.2926	0.004	-2.259	8
-0.65	9.175	1.7640823126	3.7391	3.4895	-0.2995	0.009	-2.256	8
-0.65	9.175	1.7640858889	3.7406	3.4888	-0.3065	0.015	-2.253	8
-0.65	9.175	1.7640894651	3.7422	3.4881	-0.3134	0.021	-2.249	8
-0.65	9.175	1.7640931606	3.7437	3.4874	-0.3204	0.027	-2.246	8
-0.65	9.175	1.7640967369	3.7452	3.4867	-0.3274	0.032	-2.242	8
-0.65	9.175	1.7641003132	3.7468	3.486	-0.3345	0.038	-2.238	8
-0.65	9.175	1.7641038895	3.7483	3.4853	-0.3415	0.044	-2.235	8
-0.65	9.175	1.7641074657	3.7499	3.4846	-0.3485	0.05	-2.231	8
-0.65	9.175	1.764111042	3.7514	3.4839	-0.3556	0.056	-2.227	8
-0.65	9.175	1.7641147375	3.753	3.4832	-0.3627	0.062	-2.224	8
-0.65	9.175	1.7641183138	3.7545	3.4825	-0.3698	0.067	-2.22	8
-0.65	9.175	1.7641218901	3.756	3.4818	-0.3769	0.073	-2.217	8
-0.65	9.175	1.7641254663	3.7576	3.4811	-0.3841	0.079	-2.213	8
-0.65	9.175	1.7641290426	3.7591	3.4804	-0.3912	0.085	-2.209	8
-0.65	9.175	1.7641327381	3.7607	3.4797	-0.3984	0.09	-2.206	8
-0.65	9.175	1.7641363144	3.7622	3.479	-0.4056	0.095	-2.203	8
-0.65	9.175	1.7641398907	3.7637	3.4783	-0.4128	0.1	-2.199	8
-0.65	9.175	1.7641434669	3.7653	3.4776	-0.4201	0.105	-2.196	8
-0.65	9.175	1.7641470432	3.7668	3.4769	-0.4273	0.11	-2.192	8
-0.65	9.175	1.7641507387	3.7684	3.4762	-0.4346	0.118	-2.187	8
-0.65	9.175	1.764154315	3.7699	3.4755	-0.4419	0.125	-2.182	8
-0.65	9.175	1.7641578913	3.7715	3.4748	-0.4492	0.133	-2.177	8
-0.65	9.175	1.7641607523	3.7728	3.4792	-0.4407	0.072	-2.226	8
-0.65	9.175	1.7641636133	3.7742	3.4836	-0.4322	0.022	-2.269	8
-0.65	9.175	1.7641664743	3.7756	3.488	-0.424	-0.031	-2.313	8
-0.65	9.175	1.7641693354	3.777	3.4924	-0.4159	-0.09	-2.36	8
-0.65	9.175	1.7641721964	3.7783	3.4968	-0.4079	-0.161	-2.416	8
-0.65	9.175	1.7641750574	3.7797	3.5011	-0.4001	-0.229	-2.472	8
-0.65	9.175	1.7641779184	3.7811	3.5055	-0.3924	-0.297	-2.526	8
-0.65	9.175	1.7641807795	3.7825	3.5099	-0.385	-0.383	-2.591	8
-0.65	9.175	1.7641836405	3.7838	3.5143	-0.3777	-0.467	-2.655	8
-0.65	9.175	1.7641865015	3.7852	3.5187	-0.3706	-0.549	-2.719	8
-0.65	9.175	1.7641893625	3.7866	3.5231	-0.3636	-0.619	-2.78	8
-0.65	9.175	1.7641922235	3.788	3.5275	-0.3569	-0.689	-2.841	8
-0.65	9.175	1.7641950846	3.7894	3.5318	-0.3504	-0.76	-2.903	8
-0.65	9.175	1.7641979456	3.7907	3.5362	-0.3441	-0.849	-2.978	8
-0.65	9.175	1.7642008066	3.7921	3.5406	-0.3381	-0.938	-3.052	8
-0.65	9.175	1.7642036676	3.7935	3.545	-0.3322	-1.023	-3.124	8
-0.65	9.175	1.7642065287	3.7949	3.5494	-0.3267	-1.092	-3.187	8
-0.65	9.175	1.7642093897	3.7962	3.5538	-0.3214	-1.161	-3.249	8
-0.65	9.175	1.7642122507	3.7976	3.5582	-0.3164	-1.228	-3.31	8
-0.65	9.175	1.7642151117	3.799	3.5626	-0.3116	-1.294	-3.369	8
-0.65	9.175	1.7642179728	3.8004	3.5669	-0.3072	-1.359	-3.428	8
-0.65	9.175	1.7642208338	3.8017	3.5713	-0.3031	-1.422	-3.486	8
-0.65	9.175	1.7642236948	3.8031	3.5757	-0.2994	-1.484	-3.543	8
-0.65	9.175	1.7642265558	3.8045	3.5801	-0.296	-1.545	-3.598	8
-0.65	9.175	1.7642294168	3.8059	3.5845	-0.293	-1.594	-3.643	8
-0.65	9.175	1.7642322779	3.8073	3.5889	-0.2904	-1.643	-3.687	8
