# File generated by 'createIsoFiles.py' on Fri Nov 24 15:30:48 2017.
# Content of file: isochrone table with t = 4.22Gyr, [Fe/H] = -0.15.
# Isochrone tables in this file have been created by
# on the basis of PARSEC isochrones.
# NOTE: templates with M < 0.1 Msun have been.
# removed (considered below LMCO).
# -----------------------------------------------------------------
# FeH	log(age/yr)	M_ini	logL/Lo	logTeff	logg	 B	 V	 stage
-0.15	9.625	0.1000000015	-3.2029	3.4031	5.2055	19.992	18.059	1
-0.15	9.625	0.1199999973	-2.9355	3.4377	5.1555	17.964	16.174	1
-0.15	9.625	0.1335619688	-2.8099	3.4509	5.1289	17.19	15.457	1
-0.15	9.625	0.1400000006	-2.7546	3.4566	5.1173	16.856	15.14	1
-0.15	9.625	0.1599999964	-2.6127	3.4702	5.0877	16.068	14.398	1
-0.15	9.625	0.200000003	-2.3953	3.489	5.0422	14.98	13.359	1
-0.15	9.625	0.25	-2.1933	3.504	4.9972	14.111	12.535	1
-0.15	9.625	0.3000000119	-2.0321	3.5146	4.9575	13.482	11.938	1
-0.15	9.625	0.349999994	-1.8756	3.5232	4.9024	12.922	11.406	1
-0.15	9.625	0.400000006	-1.7303	3.5343	4.8594	12.368	10.882	1
-0.15	9.625	0.4499999881	-1.575	3.547	4.8062	11.785	10.331	1
-0.15	9.625	0.5	-1.412	3.5634	4.7545	11.155	9.73	1
-0.15	9.625	0.5500000119	-1.2389	3.5842	4.7061	10.464	9.076	1
-0.15	9.625	0.6000000238	-1.0677	3.6096	4.674	9.746	8.428	1
-0.15	9.625	0.6499999762	-0.8968	3.6393	4.657	8.951	7.757	1
-0.15	9.625	0.6999999881	-0.7344	3.6686	4.644	8.152	7.108	1
-0.15	9.625	0.7203801274	-0.671	3.6797	4.6374	7.859	6.868	1
-0.15	9.625	0.75	-0.5812	3.6952	4.6272	7.473	6.549	1
-0.15	9.625	0.785566628	-0.4781	3.711	4.6071	7.069	6.21	1
-0.15	9.625	0.8000000119	-0.4371	3.7172	4.5988	6.915	6.081	1
-0.15	9.625	0.8161738515	-0.3914	3.7237	4.588	6.749	5.941	1
-0.15	9.625	0.8500000238	-0.2975	3.737	4.5648	6.417	5.659	1
-0.15	9.625	0.8853848577	-0.201	3.7494	4.5358	6.09	5.383	1
-0.15	9.625	0.8999999762	-0.1616	3.7544	4.5232	5.962	5.273	1
-0.15	9.625	0.9009465575	-0.159	3.7547	4.5223	5.954	5.266	1
-0.15	9.625	0.9341400266	-0.0695	3.7648	4.489	5.671	5.021	1
-0.15	9.625	0.9499999881	-0.0271	3.7694	4.4722	5.538	4.906	1
-0.15	9.625	0.9569171667	-0.0084	3.7712	4.464	5.48	4.856	1
-0.15	9.625	0.975200057	0.0408	3.7759	4.4418	5.329	4.725	1
-0.15	9.625	0.9915990829	0.085	3.78	4.421	5.194	4.608	1
-0.15	9.625	1.0	0.1075	3.7819	4.4101	5.126	4.55	1
-0.15	9.625	1.0013041496	0.111	3.7822	4.4083	5.115	4.541	1
-0.15	9.625	1.0167002678	0.1526	3.7856	4.3869	4.991	4.434	1
-0.15	9.625	1.0315775871	0.1929	3.7887	4.3652	4.872	4.33	1
-0.15	9.625	1.0447455645	0.2285	3.7912	4.3454	4.768	4.238	1
-0.15	9.625	1.0499999523	0.2427	3.7922	4.3373	4.727	4.202	1
-0.15	9.625	1.0628714561	0.2775	3.7945	4.317	4.628	4.113	1
-0.15	9.625	1.0751934052	0.3103	3.7965	4.297	4.534	4.029	1
-0.15	9.625	1.0872352123	0.3415	3.7981	4.2772	4.447	3.949	1
-0.15	9.625	1.0986868143	0.3703	3.7994	4.2578	4.368	3.876	1
-0.15	9.625	1.1000000238	0.3738	3.7995	4.2554	4.358	3.867	1
-0.15	9.625	1.116142869	0.4162	3.8011	4.2258	4.243	3.759	1
-0.15	9.625	1.1317853928	0.4607	3.8028	4.194	4.123	3.646	1
-0.15	9.625	1.1437445879	0.4956	3.8039	4.1679	4.029	3.557	1
-0.15	9.625	1.1499999762	0.5145	3.8042	4.1529	3.98	3.509	1
-0.15	9.625	1.157101512	0.532	3.8039	4.1367	3.937	3.465	1
-0.15	9.625	1.1669582129	0.5611	3.8035	4.1097	3.865	3.392	1
-0.15	9.625	1.1717048883	0.5795	3.8035	4.0933	3.818	3.346	1
-0.15	9.625	1.1758106947	0.6078	3.8046	4.0706	3.741	3.274	2
-0.15	9.625	1.1861250401	0.6394	3.8026	4.035	3.67	3.196	2
-0.15	9.625	1.1970620155	0.6728	3.8005	3.9972	3.594	3.114	2
-0.15	9.625	1.2000000477	0.683	3.7997	3.9848	3.572	3.089	2
-0.15	9.625	1.2073385715	0.706	3.7968	3.9526	3.529	3.034	2
-0.15	9.625	1.2224242687	0.7483	3.7857	3.8712	3.483	2.938	2
-0.15	9.625	1.2318732738	0.7501	3.7689	3.8057	3.577	2.96	2
-0.15	9.625	1.2367235422	0.72	3.7523	3.771	3.751	3.07	2
-0.15	9.625	1.2390083075	0.6973	3.7421	3.754	3.87	3.152	2
-0.15	9.625	1.2408406734	0.683	3.7339	3.7362	3.961	3.211	2
-0.15	9.625	1.2421606779	0.6749	3.7282	3.7216	4.021	3.25	2
-0.15	9.625	1.2437490225	0.6771	3.7226	3.6977	4.056	3.263	2
-0.15	9.625	1.2455821037	0.6845	3.7168	3.6676	4.08	3.266	2
-0.15	9.625	1.2477205992	0.7097	3.7124	3.6255	4.051	3.22	2
-0.15	9.625	1.2479430437	0.7124	3.7119	3.6211	4.047	3.215	3
-0.15	9.625	1.25	0.7456	3.7091	3.5774	3.985	3.143	3
-0.15	9.625	1.2512788773	0.7681	3.7075	3.5488	3.942	3.094	3
-0.15	9.625	1.253785491	0.8187	3.705	3.4892	3.836	2.977	3
-0.15	9.625	1.2560049295	0.8682	3.703	3.4324	3.729	2.861	3
-0.15	9.625	1.2580113411	0.9173	3.7013	3.3772	3.621	2.746	3
-0.15	9.625	1.2598913908	0.9674	3.6996	3.3208	3.511	2.628	3
-0.15	9.625	1.2616038322	1.0177	3.6978	3.2641	3.401	2.51	3
-0.15	9.625	1.2631398439	1.0677	3.696	3.2075	3.293	2.393	3
-0.15	9.625	1.2645140886	1.1167	3.6942	3.1515	3.188	2.279	3
-0.15	9.625	1.2657293081	1.1644	3.6923	3.0967	3.087	2.168	3
-0.15	9.625	1.2668850422	1.2142	3.6902	3.0388	2.982	2.053	3
-0.15	9.625	1.2678623199	1.2607	3.6881	2.9845	2.886	1.947	3
-0.15	9.625	1.2687356472	1.3061	3.6861	2.9313	2.792	1.844	3
-0.15	9.625	1.2695405483	1.3519	3.6839	2.877	2.699	1.741	3
-0.15	9.625	1.2703008652	1.3993	3.6816	2.8208	2.603	1.634	3
-0.15	9.625	1.2709472179	1.4428	3.6795	2.7686	2.515	1.537	3
-0.15	9.625	1.2715705633	1.4881	3.6771	2.7142	2.426	1.437	3
-0.15	9.625	1.2721252441	1.5313	3.6748	2.662	2.341	1.342	3
-0.15	9.625	1.2726607323	1.5754	3.6724	2.6085	2.255	1.245	3
-0.15	9.625	1.2731691599	1.6172	3.6701	2.5575	2.174	1.154	3
-0.15	9.625	1.2739230394	1.6591	3.6678	2.5068	2.094	1.063	3
-0.15	9.625	1.274469614	1.6182	3.6707	2.559	2.166	1.148	3
-0.15	9.625	1.2746357918	1.5992	3.6719	2.5833	2.2	1.188	3
-0.15	9.625	1.274846077	1.6213	3.6707	2.5561	2.158	1.14	3
-0.15	9.625	1.2752709389	1.6652	3.6681	2.5021	2.076	1.046	3
-0.15	9.625	1.2756884098	1.71	3.6655	2.4468	1.998	0.951	3
-0.15	9.625	1.2760686874	1.7537	3.6628	2.3927	1.922	0.858	3
-0.15	9.625	1.2764228582	1.7974	3.6601	2.3383	1.847	0.766	3
-0.15	9.625	1.2767533064	1.8414	3.6574	2.2835	1.774	0.675	3
-0.15	9.625	1.2770516872	1.8843	3.6547	2.2297	1.704	0.587	3
-0.15	9.625	1.2773354053	1.928	3.6519	2.175	1.633	0.497	3
-0.15	9.625	1.2775878906	1.9701	3.6491	2.1218	1.566	0.412	3
-0.15	9.625	1.2778246403	2.0129	3.6463	2.0679	1.5	0.327	3
-0.15	9.625	1.2780396938	2.0549	3.6435	2.0144	1.437	0.245	3
-0.15	9.625	1.2782400846	2.0972	3.6406	1.9605	1.375	0.163	3
-0.15	9.625	1.2784261703	2.1398	3.6377	1.9063	1.317	0.082	3
-0.15	9.625	1.2785955667	2.1815	3.6347	1.8527	1.261	0.004	3
-0.15	9.625	1.2787548304	2.2238	3.6318	1.7986	1.203	-0.076	3
-0.15	9.625	1.2788982391	2.2649	3.6288	1.7456	1.15	-0.151	3
-0.15	9.625	1.279031992	2.3062	3.6258	1.6924	1.098	-0.225	3
-0.15	9.625	1.2791577578	2.348	3.6228	1.6385	1.045	-0.3	3
-0.15	9.625	1.2792716026	2.3887	3.6197	1.5855	0.995	-0.372	3
-0.15	9.625	1.2793791294	2.4302	3.6167	1.5317	0.945	-0.444	3
-0.15	9.625	1.2794753313	2.4702	3.6136	1.4793	0.898	-0.511	3
-0.15	9.625	1.2795672417	2.5112	3.6105	1.4257	0.846	-0.582	3
-0.15	9.625	1.2796519995	2.5519	3.6074	1.3725	0.798	-0.647	3
-0.15	9.625	1.2797288895	2.5915	3.6042	1.3201	0.754	-0.709	3
-0.15	9.625	1.2798016071	2.6317	3.6011	1.2672	0.708	-0.773	3
-0.15	9.625	1.2798701525	2.6721	3.5978	1.2137	0.665	-0.833	3
-0.15	9.625	1.2799313068	2.7106	3.5946	1.162	0.627	-0.887	3
-0.15	9.625	1.2799912691	2.7508	3.5914	1.1087	0.586	-0.945	3
-0.15	9.625	1.2800455093	2.7895	3.5881	1.0565	0.55	-0.995	3
-0.15	9.625	1.2801077366	2.8371	3.5838	0.9917	0.512	-1.05	3
-0.15	9.625	1.2801548243	2.8756	3.5804	0.9394	0.49	-1.096	3
-0.15	9.625	1.2801997662	2.9147	3.577	0.8864	0.472	-1.134	3
-0.15	9.625	1.280249238	2.9607	3.5727	0.8227	0.456	-1.174	3
-0.15	9.625	1.2802956104	3.0065	3.5683	0.7588	0.446	-1.207	3
-0.15	9.625	1.2803387642	3.0523	3.5638	0.6946	0.442	-1.229	3
-0.15	9.625	1.2803789377	3.0977	3.5593	0.6306	0.439	-1.248	3
-0.15	9.625	1.2804157734	3.1421	3.5548	0.5672	0.451	-1.241	3
-0.15	9.625	1.2804502249	3.1864	3.5501	0.5036	0.461	-1.236	3
-0.15	9.625	1.2804824114	3.2304	3.5454	0.4399	0.491	-1.186	3
-0.15	9.625	1.2805122137	3.2733	3.5406	0.377	0.523	-1.133	3
-0.15	9.625	1.2805403471	3.3159	3.5357	0.3139	0.591	-1.035	3
-0.15	9.625	1.2805668116	3.3578	3.5309	0.2515	0.66	-0.936	3
-0.15	9.625	1.2805912495	3.3944	3.5264	0.1959	0.794	-0.768	4
-0.15	9.625	1.2808762789	1.758	3.6795	2.4447	1.728	0.742	4
-0.15	9.625	1.2811589241	1.7631	3.6792	2.4386	1.719	0.731	4
-0.15	9.625	1.2814426422	1.7638	3.6794	2.4387	1.716	0.728	4
-0.15	9.625	1.2817311287	1.7629	3.6797	2.441	1.714	0.728	4
-0.15	9.625	1.2820233107	1.7618	3.6801	2.4437	1.713	0.729	4
-0.15	9.625	1.2823103666	1.7606	3.6804	2.4464	1.712	0.73	4
-0.15	9.625	1.2825741768	1.7596	3.6808	2.4489	1.711	0.731	4
-0.15	9.625	1.2828660011	1.7586	3.6811	2.4515	1.71	0.732	4
-0.15	9.625	1.2831571102	1.7578	3.6815	2.4537	1.709	0.732	4
-0.15	9.625	1.2834355831	1.7573	3.6817	2.4553	1.707	0.732	4
-0.15	9.625	1.2837096453	1.757	3.682	2.4568	1.705	0.731	4
-0.15	9.625	1.2839776278	1.7569	3.6822	2.4579	1.704	0.73	4
-0.15	9.625	1.2842518091	1.7568	3.6824	2.4589	1.702	0.729	4
-0.15	9.625	1.284543395	1.757	3.6826	2.4597	1.699	0.728	4
-0.15	9.625	1.2846112251	1.757	3.6827	2.4598	1.699	0.728	4
-0.15	9.625	1.2848315239	1.7572	3.6828	2.4603	1.697	0.726	4
-0.15	9.625	1.2851051092	1.7574	3.683	2.4608	1.695	0.725	4
-0.15	9.625	1.285373807	1.7579	3.6831	2.4609	1.692	0.723	4
-0.15	9.625	1.2856590748	1.7585	3.6832	2.4609	1.69	0.721	4
-0.15	9.625	1.2859237194	1.7594	3.6833	2.4604	1.687	0.719	4
-0.15	9.625	1.2862094641	1.7605	3.6833	2.4595	1.684	0.715	4
-0.15	9.625	1.2864750624	1.7618	3.6833	2.4583	1.681	0.712	4
-0.15	9.625	1.2866657972	1.7629	3.6833	2.4572	1.678	0.71	4
-0.15	9.625	1.2867542505	1.7635	3.6833	2.4566	1.677	0.708	4
-0.15	9.625	1.2870194912	1.7655	3.6832	2.4543	1.673	0.704	4
-0.15	9.625	1.287293911	1.7679	3.683	2.4514	1.669	0.698	4
-0.15	9.625	1.2875618935	1.7708	3.6828	2.4479	1.664	0.692	4
-0.15	9.625	1.2878365517	1.7745	3.6825	2.4431	1.657	0.684	4
-0.15	9.625	1.2881191969	1.7779	3.6823	2.4389	1.652	0.677	4
-0.15	9.625	1.2883912325	1.7844	3.6817	2.4299	1.642	0.664	4
-0.15	9.625	1.2886633873	1.7912	3.681	2.4207	1.632	0.65	4
-0.15	9.625	1.2889335155	1.8013	3.68	2.4068	1.618	0.63	4
-0.15	9.625	1.2892075777	1.8145	3.6788	2.3888	1.599	0.604	4
-0.15	9.625	1.2894794941	1.8345	3.6769	2.3612	1.571	0.565	4
-0.15	9.625	1.2897006273	1.8727	3.6733	2.3087	1.517	0.491	4
-0.15	9.625	1.289804101	1.9117	3.6697	2.2552	1.462	0.414	4
-0.15	9.625	1.289858222	1.9546	3.6658	2.1968	1.403	0.332	4
-0.15	9.625	1.2898817062	1.9939	3.6623	2.1436	1.348	0.256	4
-0.15	9.625	1.2898939848	2.0336	3.6588	2.0898	1.293	0.18	4
-0.15	9.625	1.2899011374	2.0719	3.6555	2.0383	1.241	0.107	4
-0.15	9.625	1.2899047136	2.0964	3.6534	2.0054	1.208	0.061	7
-0.15	9.625	1.2899048328	2.097	3.6534	2.0047	1.207	0.06	7
-0.15	9.625	1.2899061441	2.1086	3.6523	1.989	1.192	0.038	7
-0.15	9.625	1.2899107933	2.1498	3.6488	1.9338	1.141	-0.038	7
-0.15	9.625	1.2899150848	2.1878	3.6457	1.8831	1.095	-0.107	7
-0.15	9.625	1.2899196148	2.2232	3.6427	1.8358	1.052	-0.171	7
-0.15	9.625	1.2899311781	2.2564	3.6399	1.7915	1.011	-0.231	7
-0.15	9.625	1.2899403572	2.2231	3.6428	1.8363	1.05	-0.172	7
-0.15	9.625	1.2899639606	2.1748	3.6469	1.9009	1.109	-0.084	7
-0.15	9.625	1.2901673317	2.164	3.6476	1.915	1.124	-0.064	7
-0.15	9.625	1.290284276	2.2004	3.6445	1.8662	1.08	-0.129	7
-0.15	9.625	1.2903926373	2.2415	3.641	1.811	1.031	-0.203	7
-0.15	9.625	1.2904825211	2.2822	3.6376	1.7566	0.984	-0.275	7
-0.15	9.625	1.290558815	2.3227	3.6342	1.7025	0.937	-0.346	7
-0.15	9.625	1.2906255722	2.3638	3.6307	1.6476	0.89	-0.418	7
-0.15	9.625	1.2906839848	2.4053	3.6272	1.5922	0.844	-0.488	7
-0.15	9.625	1.2907352448	2.4466	3.6237	1.5368	0.8	-0.558	7
-0.15	9.625	1.2907813787	2.4878	3.6202	1.4818	0.754	-0.627	7
-0.15	9.625	1.290823102	2.5288	3.6168	1.4268	0.709	-0.693	7
-0.15	9.625	1.2908613682	2.5696	3.6133	1.3721	0.664	-0.758	7
-0.15	9.625	1.2908972502	2.6106	3.6097	1.3169	0.62	-0.824	7
-0.15	9.625	1.2909305096	2.6513	3.6062	1.262	0.579	-0.884	7
-0.15	9.625	1.2909625769	2.6928	3.6025	1.2061	0.538	-0.945	7
-0.15	9.625	1.2909917831	2.7334	3.599	1.1513	0.499	-1.004	7
-0.15	9.625	1.2910208702	2.7743	3.5953	1.0958	0.463	-1.059	7
-0.15	9.625	1.2910495996	2.8158	3.5916	1.0392	0.427	-1.113	7
-0.15	9.625	1.2910752296	2.858	3.5876	0.9812	0.398	-1.162	7
-0.15	9.625	1.2910933495	2.8984	3.5838	0.9256	0.38	-1.207	7
-0.15	9.625	1.2911057472	2.9378	3.58	0.871	0.363	-1.251	7
-0.15	9.625	1.2911163568	2.9788	3.5759	0.8136	0.355	-1.28	7
-0.15	9.625	1.2911258936	3.0199	3.5718	0.7559	0.347	-1.312	7
-0.15	9.625	1.2911348343	3.0603	3.5675	0.6986	0.345	-1.333	7
-0.15	9.625	1.2911432981	3.1023	3.563	0.6386	0.348	-1.346	7
-0.15	9.625	1.2911509275	3.1395	3.559	0.5852	0.353	-1.354	7
-0.15	9.625	1.2911611795	3.1852	3.5539	0.5193	0.373	-1.338	7
-0.15	9.625	1.2911710739	3.221	3.5499	0.4673	0.383	-1.323	7
-0.15	9.625	1.2911750078	3.2539	3.5458	0.4182	0.42	-1.267	7
-0.15	9.625	1.2911763191	3.2717	3.5436	0.3917	0.439	-1.237	7
-0.15	9.625	1.2911775112	3.3081	3.5392	0.3373	0.483	-1.171	7
-0.15	9.625	1.2911790609	3.3299	3.5365	0.3049	0.526	-1.11	7
-0.15	9.625	1.2911794186	3.3321	3.5362	0.3019	0.533	-1.102	8
-0.15	9.625	1.2911797762	3.3344	3.5358	0.2988	0.539	-1.093	8
-0.15	9.625	1.2911800146	3.3366	3.5355	0.2958	0.545	-1.084	8
-0.15	9.625	1.2911803722	3.3389	3.5352	0.2927	0.552	-1.075	8
-0.15	9.625	1.2911807299	3.3411	3.5349	0.2897	0.558	-1.067	8
-0.15	9.625	1.2911810875	3.3434	3.5345	0.2866	0.564	-1.058	8
-0.15	9.625	1.2911814451	3.3457	3.5342	0.2836	0.571	-1.049	8
-0.15	9.625	1.2911816835	3.3479	3.5339	0.2805	0.577	-1.041	8
-0.15	9.625	1.2911820412	3.3502	3.5335	0.2775	0.583	-1.032	8
-0.15	9.625	1.2911823988	3.3524	3.5332	0.2744	0.589	-1.024	8
-0.15	9.625	1.2911827564	3.3547	3.5329	0.2714	0.595	-1.015	8
-0.15	9.625	1.2911831141	3.3569	3.5326	0.2683	0.601	-1.006	8
-0.15	9.625	1.2911834717	3.3592	3.5322	0.2652	0.608	-0.998	8
-0.15	9.625	1.2911837101	3.3614	3.5319	0.2622	0.614	-0.989	8
-0.15	9.625	1.2911840677	3.3637	3.5316	0.2591	0.62	-0.981	8
-0.15	9.625	1.2911844254	3.366	3.5312	0.2561	0.626	-0.972	8
-0.15	9.625	1.291184783	3.3682	3.5309	0.253	0.632	-0.964	8
-0.15	9.625	1.2911851406	3.3705	3.5306	0.25	0.638	-0.955	8
-0.15	9.625	1.291185379	3.3727	3.5303	0.2469	0.644	-0.947	8
-0.15	9.625	1.2911857367	3.375	3.5299	0.2438	0.651	-0.937	8
-0.15	9.625	1.2911860943	3.3772	3.5296	0.2408	0.664	-0.922	8
-0.15	9.625	1.2911864519	3.3795	3.5293	0.2377	0.676	-0.906	8
-0.15	9.625	1.2911868095	3.3818	3.5289	0.2347	0.689	-0.891	8
-0.15	9.625	1.291187048	3.384	3.5286	0.2316	0.701	-0.876	8
-0.15	9.625	1.2911874056	3.3863	3.5283	0.2285	0.714	-0.861	8
-0.15	9.625	1.2911877632	3.3885	3.528	0.2255	0.726	-0.845	8
-0.15	9.625	1.2911882401	3.3915	3.5275	0.2206	0.742	-0.826	8
-0.15	9.625	1.2911887169	3.3945	3.5271	0.2157	0.758	-0.807	8
-0.15	9.625	1.2911891937	3.3975	3.5267	0.2108	0.774	-0.787	8
-0.15	9.625	1.2911896706	3.4005	3.5262	0.2059	0.79	-0.768	8
-0.15	9.625	1.2911902666	3.4035	3.5258	0.201	0.806	-0.749	8
-0.15	9.625	1.2911907434	3.4065	3.5254	0.1961	0.821	-0.729	8
-0.15	9.625	1.2911912203	3.4095	3.525	0.1912	0.837	-0.71	8
-0.15	9.625	1.2911916971	3.4124	3.5245	0.1863	0.853	-0.691	8
-0.15	9.625	1.291192174	3.4154	3.5241	0.1814	0.869	-0.672	8
-0.15	9.625	1.2911926508	3.4184	3.5237	0.1765	0.884	-0.652	8
-0.15	9.625	1.2911931276	3.4214	3.5233	0.1717	0.9	-0.633	8
-0.15	9.625	1.2911936045	3.4244	3.5228	0.1668	0.916	-0.614	8
-0.15	9.625	1.2911942005	3.4274	3.5224	0.1619	0.932	-0.595	8
-0.15	9.625	1.2911946774	3.4304	3.522	0.157	0.947	-0.575	8
-0.15	9.625	1.2911951542	3.4334	3.5216	0.1521	0.963	-0.556	8
-0.15	9.625	1.291195631	3.4364	3.5211	0.1472	0.979	-0.537	8
-0.15	9.625	1.2911961079	3.4393	3.5207	0.1423	0.994	-0.518	8
-0.15	9.625	1.2911965847	3.4423	3.5203	0.1374	1.01	-0.498	8
-0.15	9.625	1.2911970615	3.4453	3.5199	0.1325	1.025	-0.481	8
-0.15	9.625	1.2911975384	3.4483	3.5194	0.1276	1.039	-0.468	8
-0.15	9.625	1.2911980152	3.4513	3.519	0.1227	1.054	-0.455	8
-0.15	9.625	1.2911986113	3.4543	3.5186	0.1178	1.068	-0.441	8
-0.15	9.625	1.2911990881	3.4573	3.5182	0.1129	1.083	-0.428	8
-0.15	9.625	1.2911995649	3.4603	3.5177	0.108	1.097	-0.415	8
-0.15	9.625	1.2912000418	3.4633	3.5173	0.1031	1.112	-0.401	8
-0.15	9.625	1.2912005186	3.4663	3.5169	0.0982	1.127	-0.388	8
-0.15	9.625	1.2912011147	3.4689	3.5165	0.0936	1.142	-0.373	8
-0.15	9.625	1.2912015915	3.4715	3.516	0.0889	1.157	-0.359	8
-0.15	9.625	1.2912021875	3.4742	3.5156	0.0843	1.173	-0.344	8
-0.15	9.625	1.2912027836	3.4768	3.5152	0.0796	1.189	-0.329	8
-0.15	9.625	1.2912032604	3.4795	3.5148	0.075	1.204	-0.315	8
-0.15	9.625	1.2912038565	3.4821	3.5143	0.0703	1.22	-0.3	8
-0.15	9.625	1.2912044525	3.4848	3.5139	0.0657	1.236	-0.285	8
-0.15	9.625	1.2912049294	3.4874	3.5135	0.0611	1.251	-0.27	8
-0.15	9.625	1.2912055254	3.4901	3.5131	0.0564	1.267	-0.256	8
-0.15	9.625	1.2912061214	3.4927	3.5127	0.0518	1.283	-0.241	8
-0.15	9.625	1.2912065983	3.4953	3.5122	0.0471	1.299	-0.226	8
-0.15	9.625	1.2912071943	3.498	3.5118	0.0425	1.315	-0.21	8
-0.15	9.625	1.2912077904	3.5006	3.5114	0.0378	1.331	-0.195	8
-0.15	9.625	1.2912082672	3.5033	3.511	0.0332	1.347	-0.18	8
-0.15	9.625	1.2912088633	3.5059	3.5105	0.0285	1.363	-0.165	8
-0.15	9.625	1.2912093401	3.5086	3.5101	0.0239	1.38	-0.149	8
-0.15	9.625	1.2912099361	3.5112	3.5097	0.0192	1.396	-0.133	8
-0.15	9.625	1.2912105322	3.5139	3.5093	0.0146	1.413	-0.117	8
-0.15	9.625	1.291211009	3.5165	3.5088	0.0099	1.43	-0.1	8
-0.15	9.625	1.2912116051	3.5191	3.5084	0.0053	1.447	-0.083	8
-0.15	9.625	1.2912122011	3.5218	3.508	0.0006	1.464	-0.067	8
-0.15	9.625	1.291212678	3.5244	3.5076	-0.0041	1.479	-0.048	8
-0.15	9.625	1.291213274	3.5271	3.5072	-0.0087	1.494	-0.03	8
-0.15	9.625	1.29121387	3.5297	3.5067	-0.0134	1.508	-0.012	8
-0.15	9.625	1.2912143469	3.5324	3.5063	-0.018	1.523	0.005	8
-0.15	9.625	1.2912149429	3.535	3.5059	-0.0227	1.537	0.023	8
-0.15	9.625	1.291215539	3.5371	3.5055	-0.0267	1.551	0.039	8
-0.15	9.625	1.2912162542	3.5391	3.5051	-0.0308	1.564	0.056	8
-0.15	9.625	1.2912168503	3.5412	3.5047	-0.0348	1.577	0.072	8
-0.15	9.625	1.2912174463	3.5432	3.5044	-0.0389	1.59	0.088	8
-0.15	9.625	1.2912181616	3.5453	3.504	-0.0429	1.604	0.104	8
-0.15	9.625	1.2912187576	3.5473	3.5036	-0.047	1.616	0.12	8
-0.15	9.625	1.2912193537	3.5494	3.5032	-0.051	1.629	0.135	8
-0.15	9.625	1.2912200689	3.5515	3.5029	-0.0551	1.642	0.151	8
-0.15	9.625	1.291220665	3.5535	3.5025	-0.0591	1.654	0.166	8
-0.15	9.625	1.291221261	3.5556	3.5021	-0.0632	1.667	0.182	8
-0.15	9.625	1.2912219763	3.5576	3.5017	-0.0672	1.679	0.197	8
-0.15	9.625	1.2912225723	3.5597	3.5013	-0.0713	1.691	0.212	8
-0.15	9.625	1.2912232876	3.5617	3.501	-0.0753	1.703	0.227	8
-0.15	9.625	1.2912238836	3.5638	3.5006	-0.0794	1.715	0.241	8
-0.15	9.625	1.2912244797	3.5658	3.5002	-0.0834	1.727	0.256	8
-0.15	9.625	1.2912251949	3.5679	3.4998	-0.0875	1.738	0.271	8
-0.15	9.625	1.291225791	3.57	3.4994	-0.0916	1.749	0.285	8
-0.15	9.625	1.291226387	3.572	3.4991	-0.0956	1.759	0.299	8
-0.15	9.625	1.2912271023	3.5741	3.4987	-0.0997	1.77	0.313	8
-0.15	9.625	1.2912276983	3.5761	3.4983	-0.1037	1.78	0.327	8
-0.15	9.625	1.2912282944	3.5782	3.4979	-0.1078	1.79	0.341	8
-0.15	9.625	1.2912290096	3.5802	3.4975	-0.1119	1.8	0.355	8
-0.15	9.625	1.2912296057	3.5823	3.4972	-0.1159	1.809	0.368	8
-0.15	9.625	1.2912302017	3.5843	3.4968	-0.12	1.819	0.381	8
-0.15	9.625	1.291230917	3.5864	3.4964	-0.124	1.829	0.395	8
-0.15	9.625	1.291231513	3.5885	3.496	-0.1281	1.838	0.408	8
-0.15	9.625	1.2912322283	3.5904	3.4956	-0.1324	1.849	0.423	8
-0.15	9.625	1.2912328243	3.5923	3.4952	-0.1366	1.86	0.437	8
-0.15	9.625	1.2912335396	3.5943	3.4948	-0.1409	1.87	0.452	8
-0.15	9.625	1.2912342548	3.5962	3.4944	-0.1452	1.881	0.466	8
-0.15	9.625	1.2912348509	3.5982	3.4939	-0.1495	1.891	0.481	8
-0.15	9.625	1.2912355661	3.6001	3.4935	-0.1537	1.901	0.495	8
-0.15	9.625	1.2912362814	3.6021	3.4931	-0.158	1.911	0.509	8
-0.15	9.625	1.2912369967	3.604	3.4927	-0.1623	1.921	0.522	8
-0.15	9.625	1.2912375927	3.6059	3.4923	-0.1666	1.931	0.536	8
-0.15	9.625	1.291238308	3.6079	3.4919	-0.1708	1.94	0.549	8
-0.15	9.625	1.2912390232	3.6098	3.4915	-0.1751	1.95	0.563	8
-0.15	9.625	1.2912396193	3.6118	3.491	-0.1794	1.959	0.576	8
-0.15	9.625	1.2912403345	3.6137	3.4906	-0.1837	1.968	0.589	8
-0.15	9.625	1.2912410498	3.6157	3.4902	-0.188	1.977	0.601	8
-0.15	9.625	1.2912416458	3.6176	3.4898	-0.1922	1.982	0.609	8
-0.15	9.625	1.2912423611	3.6195	3.4894	-0.1965	1.983	0.611	8
-0.15	9.625	1.2912430763	3.6215	3.489	-0.2008	1.985	0.613	8
-0.15	9.625	1.2912436724	3.6234	3.4886	-0.2051	1.986	0.615	8
-0.15	9.625	1.2912443876	3.6254	3.4881	-0.2094	1.987	0.616	8
-0.15	9.625	1.2912451029	3.6273	3.4877	-0.2137	1.988	0.618	8
-0.15	9.625	1.2912458181	3.6292	3.4873	-0.218	1.988	0.619	8
-0.15	9.625	1.2912464142	3.6312	3.4869	-0.2223	1.989	0.62	8
-0.15	9.625	1.2912471294	3.6331	3.4865	-0.2265	1.989	0.621	8
-0.15	9.625	1.2912478447	3.6351	3.4861	-0.2308	1.99	0.622	8
-0.15	9.625	1.2912484407	3.637	3.4857	-0.2351	1.99	0.623	8
-0.15	9.625	1.291249156	3.639	3.4852	-0.2394	1.99	0.624	8
-0.15	9.625	1.2912498713	3.6405	3.4848	-0.2437	1.991	0.626	8
-0.15	9.625	1.2912504673	3.6421	3.4844	-0.2479	1.993	0.627	8
-0.15	9.625	1.2912511826	3.6437	3.484	-0.2521	1.994	0.629	8
-0.15	9.625	1.2912518978	3.6452	3.4835	-0.2564	1.995	0.63	8
-0.15	9.625	1.2912524939	3.6468	3.4831	-0.2606	1.995	0.632	8
-0.15	9.625	1.2912532091	3.6484	3.4827	-0.2648	1.996	0.633	8
-0.15	9.625	1.2912539244	3.6499	3.4823	-0.2691	1.997	0.634	8
-0.15	9.625	1.2912546396	3.6515	3.4819	-0.2733	1.997	0.635	8
-0.15	9.625	1.2912552357	3.6531	3.4814	-0.2776	1.997	0.635	8
-0.15	9.625	1.2912559509	3.6547	3.481	-0.2818	1.998	0.636	8
-0.15	9.625	1.2912566662	3.6562	3.4806	-0.286	1.998	0.636	8
-0.15	9.625	1.2912572622	3.6578	3.4802	-0.2903	1.998	0.637	8
-0.15	9.625	1.2912579775	3.6594	3.4797	-0.2946	1.996	0.636	8
-0.15	9.625	1.2912586927	3.6609	3.4793	-0.2988	1.994	0.635	8
-0.15	9.625	1.2912592888	3.6625	3.4789	-0.3031	1.992	0.634	8
-0.15	9.625	1.291260004	3.6641	3.4785	-0.3073	1.989	0.632	8
-0.15	9.625	1.2912607193	3.6656	3.478	-0.3116	1.987	0.631	8
-0.15	9.625	1.2912613153	3.6672	3.4776	-0.3159	1.984	0.629	8
-0.15	9.625	1.2912620306	3.6688	3.4772	-0.3201	1.982	0.628	8
-0.15	9.625	1.2912627459	3.6704	3.4768	-0.3244	1.979	0.626	8
-0.15	9.625	1.2912634611	3.6719	3.4763	-0.3287	1.976	0.624	8
-0.15	9.625	1.2912640572	3.6735	3.4759	-0.3329	1.973	0.623	8
-0.15	9.625	1.2912647724	3.6751	3.4755	-0.3372	1.97	0.621	8
-0.15	9.625	1.2912654877	3.6766	3.4751	-0.3415	1.967	0.619	8
-0.15	9.625	1.2912660837	3.6782	3.4746	-0.3458	1.964	0.617	8
-0.15	9.625	1.291266799	3.6798	3.4742	-0.35	1.96	0.614	8
-0.15	9.625	1.291267395	3.681	3.4737	-0.3581	1.953	0.61	8
-0.15	9.625	1.2912681103	3.6823	3.4731	-0.3663	1.946	0.606	8
-0.15	9.625	1.2912687063	3.6836	3.4726	-0.3744	1.939	0.601	8
-0.15	9.625	1.2912694216	3.6849	3.4721	-0.3827	1.931	0.596	8
-0.15	9.625	1.2912700176	3.6862	3.4715	-0.391	1.923	0.591	8
-0.15	9.625	1.2912707329	3.6874	3.471	-0.3993	1.914	0.586	8
-0.15	9.625	1.2912713289	3.6887	3.4704	-0.4077	1.905	0.58	8
-0.15	9.625	1.2912720442	3.69	3.4699	-0.4162	1.896	0.574	8
-0.15	9.625	1.2912726402	3.6913	3.4694	-0.4247	1.886	0.567	8
-0.15	9.625	1.2912733555	3.6926	3.4688	-0.4333	1.875	0.56	8
-0.15	9.625	1.2912739515	3.6938	3.4683	-0.4419	1.864	0.553	8
-0.15	9.625	1.2912746668	3.6951	3.4677	-0.4506	1.852	0.545	8
-0.15	9.625	1.2912752628	3.6964	3.4672	-0.4594	1.841	0.537	8
-0.15	9.625	1.2912758589	3.6977	3.4667	-0.4682	1.829	0.53	8
-0.15	9.625	1.2912765741	3.6989	3.4661	-0.4771	1.816	0.521	8
-0.15	9.625	1.2912771702	3.7002	3.4656	-0.4861	1.804	0.513	8
-0.15	9.625	1.2912778854	3.7015	3.465	-0.4951	1.791	0.504	8
-0.15	9.625	1.2912784815	3.7028	3.4645	-0.5042	1.786	0.501	8
-0.15	9.625	1.2912791967	3.7041	3.464	-0.5134	1.789	0.504	8
-0.15	9.625	1.2912797928	3.7053	3.4634	-0.5227	1.793	0.507	8
-0.15	9.625	1.291280508	3.7066	3.4629	-0.532	1.797	0.51	8
-0.15	9.625	1.2912811041	3.7079	3.4623	-0.5415	1.8	0.513	8
-0.15	9.625	1.2912818193	3.7092	3.4618	-0.551	1.804	0.516	8
-0.15	9.625	1.2912824154	3.7105	3.4613	-0.5606	1.808	0.52	8
-0.15	9.625	1.2912831306	3.7117	3.4607	-0.5703	1.812	0.523	8
-0.15	9.625	1.2912837267	3.713	3.4602	-0.58	1.815	0.526	8
-0.15	9.625	1.2912840843	3.7135	3.4645	-0.5677	1.758	0.474	8
-0.15	9.625	1.2912845612	3.7139	3.4689	-0.5554	1.702	0.422	8
-0.15	9.625	1.291285038	3.7144	3.4733	-0.5431	1.639	0.368	8
-0.15	9.625	1.2912853956	3.7148	3.4776	-0.5309	1.575	0.314	8
-0.15	9.625	1.2912857533	3.7153	3.482	-0.5187	1.505	0.259	8
-0.15	9.625	1.2912862301	3.7157	3.4864	-0.5066	1.429	0.203	8
-0.15	9.625	1.2912867069	3.7162	3.4907	-0.4946	1.35	0.135	8
-0.15	9.625	1.2912870646	3.7166	3.4951	-0.4826	1.224	-0.012	8
-0.15	9.625	1.2912874222	3.7171	3.4994	-0.4707	1.094	-0.164	8
-0.15	9.625	1.291287899	3.7175	3.5038	-0.4588	0.944	-0.327	8
-0.15	9.625	1.2912883759	3.718	3.5082	-0.447	0.787	-0.495	8
-0.15	9.625	1.2912887335	3.7184	3.5125	-0.4353	0.618	-0.671	8
-0.15	9.625	1.2912890911	3.7189	3.5169	-0.4236	0.438	-0.854	8
-0.15	9.625	1.2912895679	3.7193	3.5213	-0.412	0.241	-1.069	8
-0.15	9.625	1.2912900448	3.7198	3.5256	-0.4005	0.008	-1.358	8
-0.15	9.625	1.2912904024	3.7202	3.53	-0.389	-0.225	-1.648	8
-0.15	9.625	1.29129076	3.7207	3.5343	-0.3776	-0.397	-1.87	8
-0.15	9.625	1.2912912369	3.7211	3.5387	-0.3663	-0.567	-2.09	8
-0.15	9.625	1.2912917137	3.7216	3.5431	-0.355	-0.711	-2.277	8
-0.15	9.625	1.2912920713	3.722	3.5474	-0.3438	-0.844	-2.45	8
-0.15	9.625	1.291292429	3.7225	3.5518	-0.3327	-0.965	-2.606	8
-0.15	9.625	1.2912929058	3.7229	3.5562	-0.3217	-1.069	-2.739	8
-0.15	9.625	1.2912933826	3.7234	3.5605	-0.3108	-1.17	-2.866	8
-0.15	9.625	1.2912937403	3.7238	3.5649	-0.2999	-1.255	-2.964	8
-0.15	9.625	1.2912940979	3.7243	3.5692	-0.2892	-1.339	-3.061	8
-0.15	9.625	1.2912945747	3.7247	3.5736	-0.2785	-1.416	-3.14	8
