# File generated by 'createIsoFiles.py' on Fri Nov 24 15:30:46 2017.
# Content of file: isochrone table with t = 1.68Gyr, [Fe/H] = -0.35.
# Isochrone tables in this file have been created by
# on the basis of PARSEC isochrones.
# NOTE: templates with M < 0.1 Msun have been.
# removed (considered below LMCO).
# -----------------------------------------------------------------
# FeH	log(age/yr)	M_ini	logL/Lo	logTeff	logg	 B	 V	 stage
-0.35	9.225	0.1000000015	-3.1519	3.4225	5.232	19.059	17.138	1
-0.35	9.225	0.1199999973	-2.8888	3.4543	5.1754	17.266	15.486	1
-0.35	9.225	0.1400000006	-2.7043	3.4739	5.136	16.186	14.473	1
-0.35	9.225	0.1599999964	-2.5623	3.4872	5.1053	15.441	13.767	1
-0.35	9.225	0.200000003	-2.347	3.5053	5.0591	14.45	12.833	1
-0.35	9.225	0.25	-2.1476	3.5203	5.0166	13.628	12.055	1
-0.35	9.225	0.3000000119	-1.9915	3.5307	4.9814	13.046	11.51	1
-0.35	9.225	0.3615365028	-1.7953	3.5422	4.9121	12.365	10.871	1
-0.35	9.225	0.3714979291	-1.7677	3.544	4.9036	12.269	10.78	0
-0.35	9.225	0.3915208876	-1.7037	3.549	4.8823	12.033	10.559	1
-0.35	9.225	0.421497941	-1.615	3.5561	4.8541	11.709	10.254	1
-0.35	9.225	0.4714979231	-1.4508	3.5715	4.8004	11.09	9.673	1
-0.35	9.225	0.4809069633	-1.4171	3.5753	4.7904	10.958	9.552	1
-0.35	9.225	0.5214979649	-1.2791	3.5908	4.7496	10.426	9.063	1
-0.35	9.225	0.5714979768	-1.1048	3.615	4.7119	9.713	8.44	1
-0.35	9.225	0.5978279114	-1.0132	3.6301	4.7002	9.305	8.099	1
-0.35	9.225	0.6214979291	-0.934	3.6432	4.6903	8.932	7.797	1
-0.35	9.225	0.671497941	-0.7709	3.672	4.6758	8.148	7.164	1
-0.35	9.225	0.689000845	-0.7166	3.6814	4.6702	7.905	6.966	1
-0.35	9.225	0.7214979529	-0.6192	3.6982	4.6602	7.496	6.625	1
-0.35	9.225	0.7648761272	-0.4959	3.7185	4.6433	7.017	6.225	1
-0.35	9.225	0.7714979649	-0.4776	3.7215	4.6407	6.949	6.168	1
-0.35	9.225	0.7933709621	-0.4183	3.7304	4.6293	6.736	5.989	1
-0.35	9.225	0.8214979768	-0.3441	3.7415	4.6146	6.476	5.771	1
-0.35	9.225	0.863168478	-0.2377	3.7562	4.5886	6.123	5.473	1
-0.35	9.225	0.8714979291	-0.2169	3.759	4.5834	6.055	5.415	1
-0.35	9.225	0.8759067655	-0.206	3.7604	4.5801	6.02	5.385	1
-0.35	9.225	0.921497941	-0.0953	3.7742	4.5466	5.67	5.087	1
-0.35	9.225	0.9438604116	-0.0421	3.7802	4.5278	5.505	4.946	1
-0.35	9.225	0.9714979529	0.0224	3.7873	4.5043	5.307	4.778	1
-0.35	9.225	1.0148774385	0.1219	3.7973	4.4637	5.008	4.52	1
-0.35	9.225	1.0214979649	0.1369	3.7988	4.4574	4.963	4.481	1
-0.35	9.225	1.0336004496	0.1641	3.8015	4.4461	4.883	4.411	1
-0.35	9.225	1.0606460571	0.224	3.8073	4.4208	4.707	4.257	1
-0.35	9.225	1.0714979172	0.2477	3.8096	4.4106	4.637	4.196	1
-0.35	9.225	1.0791460276	0.2643	3.8112	4.4035	4.589	4.153	1
-0.35	9.225	1.110358119	0.3314	3.8176	4.3745	4.395	3.981	1
-0.35	9.225	1.1214979887	0.355	3.8198	4.3641	4.327	3.92	1
-0.35	9.225	1.1288847923	0.3705	3.8214	4.3576	4.283	3.88	1
-0.35	9.225	1.1530884504	0.4208	3.8263	4.336	4.137	3.751	1
-0.35	9.225	1.171497941	0.4585	3.8298	4.3194	4.028	3.654	1
-0.35	9.225	1.2214980125	0.5563	3.8397	4.2794	3.748	3.402	1
-0.35	9.225	1.2511292696	0.6119	3.8459	4.2587	3.587	3.258	1
-0.35	9.225	1.2714979649	0.6496	3.8498	4.2439	3.478	3.161	1
-0.35	9.225	1.3084900379	0.716	3.858	4.2227	3.284	2.989	1
-0.35	9.225	1.3500000238	0.7887	3.8657	4.1942	3.077	2.802	1
-0.35	9.225	1.3774973154	0.836	3.8703	4.1741	2.943	2.68	1
-0.35	9.225	1.3999999762	0.8747	3.8735	4.1554	2.835	2.581	1
-0.35	9.225	1.4039524794	0.8815	3.874	4.1518	2.817	2.564	1
-0.35	9.225	1.4339088202	0.9329	3.8766	4.1201	2.677	2.433	1
-0.35	9.225	1.4500000477	0.9606	3.8775	4.1006	2.603	2.362	1
-0.35	9.225	1.4690252542	0.9932	3.8776	4.0742	2.519	2.279	1
-0.35	9.225	1.4916647673	1.0317	3.8768	4.0391	2.422	2.181	1
-0.35	9.225	1.5	1.0458	3.876	4.0242	2.387	2.145	1
-0.35	9.225	1.5087530613	1.0605	3.875	4.0082	2.352	2.108	1
-0.35	9.225	1.5272210836	1.0914	3.8717	3.9693	2.281	2.03	1
-0.35	9.225	1.5468486547	1.1238	3.8669	3.923	2.21	1.949	1
-0.35	9.225	1.5499999523	1.1289	3.8659	3.915	2.199	1.937	1
-0.35	9.225	1.5573961735	1.1409	3.8638	3.8965	2.174	1.907	1
-0.35	9.225	1.5745955706	1.1686	3.8569	3.8459	2.123	1.839	1
-0.35	9.225	1.5892925262	1.1919	3.8496	3.7975	2.086	1.784	1
-0.35	9.225	1.6000000238	1.2087	3.8438	3.7605	2.062	1.745	1
-0.35	9.225	1.6102551222	1.2248	3.8381	3.7246	2.04	1.708	1
-0.35	9.225	1.6217058897	1.244	3.8312	3.6807	2.015	1.664	1
-0.35	9.225	1.6330384016	1.2679	3.8268	3.6423	1.97	1.607	1
-0.35	9.225	1.6369841099	1.2873	3.8318	3.6438	1.902	1.553	1
-0.35	9.225	1.6399897337	1.3098	3.8404	3.6567	1.813	1.49	1
-0.35	9.225	1.6409512758	1.328	3.8499	3.6767	1.734	1.437	1
-0.35	9.225	1.6414291859	1.3467	3.8597	3.6972	1.654	1.384	1
-0.35	9.225	1.6417030096	1.3674	3.8695	3.716	1.572	1.328	1
-0.35	9.225	1.6418709755	1.3902	3.879	3.731	1.487	1.268	1
-0.35	9.225	1.6420072317	1.4099	3.887	3.7433	1.415	1.218	2
-0.35	9.225	1.6420352459	1.3993	3.8846	3.7446	1.448	1.245	2
-0.35	9.225	1.6420923471	1.3744	3.8775	3.741	1.532	1.309	2
-0.35	9.225	1.6421533823	1.3573	3.8668	3.7154	1.606	1.355	2
-0.35	9.225	1.6422234774	1.3578	3.8557	3.6705	1.638	1.358	2
-0.35	9.225	1.6423137188	1.3682	3.8445	3.6152	1.648	1.339	2
-0.35	9.225	1.6424278021	1.3774	3.8335	3.5622	1.663	1.323	2
-0.35	9.225	1.6425799131	1.3825	3.8226	3.5134	1.693	1.319	2
-0.35	9.225	1.6427942514	1.3839	3.8114	3.4671	1.736	1.327	2
-0.35	9.225	1.6431279182	1.3802	3.7996	3.424	1.799	1.348	2
-0.35	9.225	1.6436103582	1.3681	3.7881	3.3901	1.892	1.395	2
-0.35	9.225	1.6442080736	1.3448	3.7762	3.3659	2.02	1.475	2
-0.35	9.225	1.6446720362	1.318	3.7673	3.357	2.139	1.558	2
-0.35	9.225	1.6450819969	1.2874	3.7592	3.3555	2.26	1.65	2
-0.35	9.225	1.6454136372	1.2589	3.7524	3.3568	2.372	1.735	2
-0.35	9.225	1.645837307	1.2268	3.7436	3.3539	2.506	1.836	2
-0.35	9.225	1.6463654041	1.2081	3.7333	3.3317	2.619	1.91	2
-0.35	9.225	1.6464707851	1.2067	3.7314	3.3254	2.635	1.919	3
-0.35	9.225	1.6469115019	1.2308	3.7252	3.2768	2.618	1.877	3
-0.35	9.225	1.6473513842	1.2656	3.7202	3.222	2.566	1.805	3
-0.35	9.225	1.647770524	1.3069	3.7165	3.1658	2.491	1.715	3
-0.35	9.225	1.6481593847	1.348	3.7135	3.1127	2.411	1.623	3
-0.35	9.225	1.6485351324	1.3894	3.7109	3.0611	2.327	1.529	3
-0.35	9.225	1.6489028931	1.4306	3.7084	3.01	2.243	1.435	3
-0.35	9.225	1.6492675543	1.472	3.706	2.9591	2.157	1.34	3
-0.35	9.225	1.6496310234	1.5133	3.7035	2.9082	2.072	1.246	3
-0.35	9.225	1.6499942541	1.5547	3.7011	2.8573	1.987	1.152	3
-0.35	9.225	1.6499999762	1.5553	3.7011	2.8565	1.986	1.15	3
-0.35	9.225	1.6500401497	1.5599	3.7008	2.8509	1.976	1.14	3
-0.35	9.225	1.6503932476	1.5989	3.6986	2.803	1.899	1.052	3
-0.35	9.225	1.6508340836	1.6472	3.6958	2.7438	1.804	0.943	3
-0.35	9.225	1.6512652636	1.6941	3.693	2.6859	1.712	0.838	3
-0.35	9.225	1.6516400576	1.735	3.6907	2.6356	1.631	0.747	3
-0.35	9.225	1.6520930529	1.7856	3.6876	2.5726	1.533	0.635	3
-0.35	9.225	1.6524784565	1.8289	3.6849	2.5188	1.449	0.54	3
-0.35	9.225	1.652816534	1.8678	3.6824	2.4698	1.377	0.455	3
-0.35	9.225	1.6531550884	1.9079	3.6798	2.4195	1.304	0.367	3
-0.35	9.225	1.6534889936	1.9477	3.6771	2.3691	1.234	0.282	3
-0.35	9.225	1.6538735628	1.9948	3.674	2.3098	1.152	0.181	3
-0.35	9.225	1.654255867	2.0422	3.6708	2.2496	1.07	0.08	3
-0.35	9.225	1.6546062231	2.083	3.668	2.1977	1.001	-0.006	3
-0.35	9.225	1.655061245	2.1309	3.6648	2.1369	0.921	-0.106	3
-0.35	9.225	1.6556497812	2.1685	3.6621	2.0889	0.859	-0.183	3
-0.35	9.225	1.6559052467	2.1563	3.6631	2.1051	0.878	-0.159	3
-0.35	9.225	1.6561735868	2.1114	3.6663	2.163	0.951	-0.066	3
-0.35	9.225	1.6563332081	2.0646	3.6697	2.2235	1.027	0.03	3
-0.35	9.225	1.6564707756	2.0157	3.6732	2.286	1.11	0.133	3
-0.35	9.225	1.6565821171	1.9747	3.676	2.3386	1.18	0.22	3
-0.35	9.225	1.6567049026	1.9316	3.6791	2.3938	1.254	0.311	3
-0.35	9.225	1.6568607092	1.8847	3.6823	2.4536	1.337	0.413	3
-0.35	9.225	1.6570076942	1.8551	3.6843	2.4914	1.389	0.477	3
-0.35	9.225	1.657171011	1.874	3.6831	2.4675	1.355	0.435	3
-0.35	9.225	1.6575855017	1.9204	3.68	2.4092	1.271	0.334	3
-0.35	9.225	1.6580036879	1.9599	3.6774	2.3591	1.202	0.25	3
-0.35	9.225	1.6585407257	2.0083	3.6741	2.298	1.118	0.146	3
-0.35	9.225	1.6590836048	2.0567	3.6709	2.2366	1.034	0.043	3
-0.35	9.225	1.6596045494	2.1038	3.6676	2.1767	0.955	-0.056	3
-0.35	9.225	1.6601235867	2.1516	3.6644	2.1159	0.875	-0.155	3
-0.35	9.225	1.6606299877	2.1998	3.6609	2.0542	0.796	-0.255	3
-0.35	9.225	1.6611026525	2.2464	3.6576	1.9942	0.722	-0.349	3
-0.35	9.225	1.6615630388	2.294	3.6542	1.9333	0.652	-0.444	3
-0.35	9.225	1.6619936228	2.3407	3.6508	1.873	0.583	-0.537	3
-0.35	9.225	1.6623997688	2.3874	3.6473	1.8125	0.518	-0.627	3
-0.35	9.225	1.662783742	2.4342	3.6438	1.7519	0.453	-0.716	3
-0.35	9.225	1.6631417274	2.4805	3.6404	1.6918	0.389	-0.805	3
-0.35	9.225	1.6634745598	2.5263	3.6368	1.6319	0.331	-0.889	3
-0.35	9.225	1.6637889147	2.5724	3.6333	1.5719	0.271	-0.974	3
-0.35	9.225	1.6640836	2.6187	3.6299	1.5118	0.211	-1.059	3
-0.35	9.225	1.6643544436	2.6642	3.6262	1.4519	0.158	-1.138	3
-0.35	9.225	1.6646094322	2.7101	3.6226	1.3917	0.103	-1.219	3
-0.35	9.225	1.6648476124	2.7559	3.6191	1.3317	0.049	-1.298	3
-0.35	9.225	1.6650691032	2.8013	3.6155	1.2719	-0.001	-1.374	3
-0.35	9.225	1.6652755737	2.8465	3.6118	1.212	-0.05	-1.449	3
-0.35	9.225	1.6654676199	2.8916	3.6082	1.1525	-0.097	-1.52	3
-0.35	9.225	1.6656489372	2.937	3.6046	1.0927	-0.143	-1.591	3
-0.35	9.225	1.6658149958	2.9813	3.6008	1.0333	-0.183	-1.657	3
-0.35	9.225	1.6659712791	3.0257	3.597	0.9738	-0.217	-1.718	3
-0.35	9.225	1.6661195755	3.0706	3.5933	0.9139	-0.248	-1.781	3
-0.35	9.225	1.6662586927	3.1151	3.5895	0.8543	-0.278	-1.844	3
-0.35	9.225	1.6663870811	3.1574	3.5857	0.7967	-0.301	-1.895	4
-0.35	9.225	1.6675860882	1.7603	3.7021	2.66	1.467	0.632	4
-0.35	9.225	1.6689016819	1.7669	3.7018	2.6523	1.454	0.617	4
-0.35	9.225	1.6701055765	1.7679	3.702	2.6526	1.449	0.614	4
-0.35	9.225	1.6714811325	1.7689	3.7023	2.6532	1.444	0.61	4
-0.35	9.225	1.6727215052	1.77	3.7026	2.6535	1.44	0.606	4
-0.35	9.225	1.674097538	1.7713	3.7028	2.6536	1.434	0.602	4
-0.35	9.225	1.6754243374	1.7727	3.7031	2.6537	1.429	0.598	4
-0.35	9.225	1.6768513918	1.7744	3.7034	2.6534	1.422	0.592	4
-0.35	9.225	1.6782153845	1.7764	3.7036	2.6526	1.416	0.586	4
-0.35	9.225	1.6796163321	1.7785	3.7038	2.6517	1.409	0.58	4
-0.35	9.225	1.6809738874	1.7806	3.704	2.6507	1.402	0.574	4
-0.35	9.225	1.6823699474	1.7829	3.7042	2.6495	1.395	0.568	4
-0.35	9.225	1.6838408709	1.7854	3.7043	2.6481	1.387	0.561	4
-0.35	9.225	1.6853083372	1.788	3.7045	2.6466	1.38	0.554	4
-0.35	9.225	1.6862289906	1.7896	3.7046	2.6455	1.375	0.549	4
-0.35	9.225	1.6867022514	1.7905	3.7046	2.645	1.372	0.547	4
-0.35	9.225	1.6880375147	1.793	3.7047	2.6432	1.365	0.54	4
-0.35	9.225	1.6894544363	1.7958	3.7048	2.6413	1.357	0.533	4
-0.35	9.225	1.6908193827	1.7985	3.7049	2.6393	1.35	0.526	4
-0.35	9.225	1.6921781301	1.8012	3.705	2.6371	1.343	0.519	4
-0.35	9.225	1.6935728788	1.8042	3.705	2.6347	1.335	0.511	4
-0.35	9.225	1.6949015856	1.8072	3.705	2.6319	1.328	0.504	4
-0.35	9.225	1.6962436438	1.8101	3.705	2.6294	1.321	0.497	4
-0.35	9.225	1.6974740028	1.8129	3.705	2.6267	1.314	0.49	4
-0.35	9.225	1.6986706257	1.8159	3.7049	2.6236	1.307	0.482	4
-0.35	9.225	1.6998776197	1.8191	3.7047	2.6202	1.3	0.475	4
-0.35	9.225	1.7000000477	1.8195	3.7047	2.6198	1.299	0.474	4
-0.35	9.225	1.7003077269	1.8204	3.7047	2.6188	1.297	0.472	4
-0.35	9.225	1.701667428	1.8247	3.7044	2.6139	1.289	0.462	4
-0.35	9.225	1.703083992	1.8295	3.7041	2.608	1.279	0.451	4
-0.35	9.225	1.7044732571	1.8357	3.7035	2.5999	1.269	0.438	4
-0.35	9.225	1.7058532238	1.8427	3.7028	2.5905	1.256	0.423	4
-0.35	9.225	1.707313776	1.8518	3.7019	2.578	1.241	0.404	4
-0.35	9.225	1.7087823153	1.8653	3.7004	2.5591	1.219	0.376	4
-0.35	9.225	1.7101998329	1.893	3.6973	2.5194	1.177	0.32	4
-0.35	9.225	1.7109546661	1.9338	3.6932	2.4622	1.114	0.236	4
-0.35	9.225	1.7112666368	1.9756	3.6892	2.4047	1.048	0.149	4
-0.35	9.225	1.7113875151	2.0155	3.6857	2.3505	0.984	0.067	4
-0.35	9.225	1.7114443779	2.0563	3.6821	2.2956	0.919	-0.018	4
-0.35	9.225	1.7114747763	2.0941	3.679	2.2451	0.858	-0.097	4
-0.35	9.225	1.7114775181	2.0985	3.6786	2.2393	0.851	-0.106	7
-0.35	9.225	1.7114778757	2.099	3.6786	2.2386	0.85	-0.107	7
-0.35	9.225	1.711499691	2.1393	3.6753	2.1851	0.786	-0.19	7
-0.35	9.225	1.711520195	2.1801	3.672	2.1312	0.721	-0.274	7
-0.35	9.225	1.7115398645	2.2197	3.6688	2.0788	0.659	-0.355	7
-0.35	9.225	1.711560607	2.2519	3.6662	2.0364	0.61	-0.419	7
-0.35	9.225	1.7116168737	2.2472	3.6667	2.0429	0.616	-0.41	7
-0.35	9.225	1.7116633654	2.21	3.6697	2.0923	0.673	-0.336	7
-0.35	9.225	1.7117743492	2.1724	3.6728	2.1421	0.732	-0.259	7
-0.35	9.225	1.7125698328	2.1551	3.6741	2.1651	0.76	-0.223	7
-0.35	9.225	1.7133074999	2.1879	3.6714	2.1217	0.708	-0.29	7
-0.35	9.225	1.7138630152	2.2292	3.6681	2.0673	0.643	-0.374	7
-0.35	9.225	1.7143061161	2.2708	3.6648	2.0124	0.58	-0.458	7
-0.35	9.225	1.7146645784	2.3121	3.6614	1.9578	0.519	-0.54	7
-0.35	9.225	1.714964509	2.3531	3.6581	1.9036	0.462	-0.62	7
-0.35	9.225	1.7152234316	2.3939	3.6548	1.8496	0.406	-0.699	7
-0.35	9.225	1.715451479	2.4345	3.6515	1.7957	0.351	-0.777	7
-0.35	9.225	1.7156553268	2.4753	3.6482	1.7418	0.297	-0.854	7
-0.35	9.225	1.7158366442	2.5154	3.6449	1.6884	0.246	-0.928	7
-0.35	9.225	1.7160099745	2.556	3.6415	1.6345	0.194	-1.003	7
-0.35	9.225	1.7161761522	2.5964	3.6382	1.5808	0.144	-1.077	7
-0.35	9.225	1.7163360119	2.6371	3.6348	1.5267	0.096	-1.149	7
-0.35	9.225	1.7164883614	2.6778	3.6314	1.4725	0.047	-1.221	7
-0.35	9.225	1.7166315317	2.7195	3.628	1.417	-0.001	-1.294	7
-0.35	9.225	1.7167509794	2.7626	3.6243	1.3595	-0.048	-1.367	7
-0.35	9.225	1.7168343067	2.8038	3.6209	1.3045	-0.093	-1.436	7
-0.35	9.225	1.7168956995	2.8439	3.6175	1.2508	-0.135	-1.502	7
-0.35	9.225	1.7169492245	2.8844	3.614	1.1964	-0.176	-1.567	7
-0.35	9.225	1.7169972658	2.924	3.6106	1.1432	-0.215	-1.629	7
-0.35	9.225	1.7170484066	2.9671	3.6069	1.0853	-0.254	-1.694	7
-0.35	9.225	1.7170982361	3.0112	3.6031	1.0259	-0.293	-1.759	7
-0.35	9.225	1.7171429396	3.0511	3.5996	0.9719	-0.324	-1.816	7
-0.35	9.225	1.7171939611	3.0935	3.5958	0.9146	-0.349	-1.872	7
-0.35	9.225	1.7172420025	3.1312	3.5924	0.8633	-0.371	-1.923	7
-0.35	9.225	1.717266202	3.1374	3.5919	0.855	-0.375	-1.932	7
-0.35	9.225	1.7172684669	3.1192	3.5935	0.8798	-0.365	-1.907	7
-0.35	9.225	1.7172697783	3.1049	3.5948	0.8991	-0.356	-1.888	7
-0.35	9.225	1.7172727585	3.1167	3.5938	0.8832	-0.363	-1.904	7
-0.35	9.225	1.7172745466	3.1313	3.5924	0.8633	-0.372	-1.923	7
-0.35	9.225	1.7172765732	3.1453	3.5912	0.8443	-0.38	-1.942	7
-0.35	9.225	1.7172790766	3.1589	3.5899	0.8256	-0.387	-1.96	7
-0.35	9.225	1.7172832489	3.165	3.5893	0.8172	-0.39	-1.967	7
-0.35	9.225	1.7172877789	3.188	3.5872	0.7855	-0.4	-1.994	7
-0.35	9.225	1.7172948122	3.2291	3.5833	0.7289	-0.419	-2.044	7
-0.35	9.225	1.7173031569	3.2962	3.5768	0.6359	-0.445	-2.118	7
-0.35	9.225	1.7173154354	3.3529	3.5712	0.5565	-0.461	-2.174	7
-0.35	9.225	1.7173243761	3.3686	3.5696	0.5344	-0.465	-2.189	7
-0.35	9.225	1.7173250914	3.3773	3.5687	0.5223	-0.466	-2.194	8
-0.35	9.225	1.7173252106	3.3773	3.5683	0.5207	-0.458	-2.186	8
-0.35	9.225	1.7173253298	3.3773	3.5676	0.5178	-0.443	-2.172	8
-0.35	9.225	1.717325449	3.3773	3.5669	0.5152	-0.43	-2.159	8
-0.35	9.225	1.7173279524	3.3795	3.5663	0.5104	-0.423	-2.154	8
-0.35	9.225	1.7173304558	3.3818	3.566	0.507	-0.422	-2.154	8
-0.35	9.225	1.7173330784	3.384	3.5658	0.5035	-0.421	-2.155	8
-0.35	9.225	1.7173355818	3.3862	3.5655	0.5001	-0.421	-2.156	8
-0.35	9.225	1.7173380852	3.3884	3.5652	0.4967	-0.421	-2.156	8
-0.35	9.225	1.7173405886	3.3907	3.565	0.4932	-0.421	-2.157	8
-0.35	9.225	1.717343092	3.3929	3.5647	0.4898	-0.421	-2.157	8
-0.35	9.225	1.7173457146	3.3951	3.5644	0.4863	-0.42	-2.158	8
-0.35	9.225	1.717348218	3.3974	3.5642	0.4829	-0.42	-2.158	8
-0.35	9.225	1.7173507214	3.3996	3.5639	0.4794	-0.42	-2.158	8
-0.35	9.225	1.7173532248	3.4018	3.5636	0.476	-0.42	-2.159	8
-0.35	9.225	1.7173557281	3.404	3.5633	0.4725	-0.42	-2.159	8
-0.35	9.225	1.7173583508	3.4063	3.5631	0.4691	-0.42	-2.16	8
-0.35	9.225	1.7173608541	3.4085	3.5628	0.4656	-0.42	-2.161	8
-0.35	9.225	1.7173633575	3.4107	3.5625	0.4622	-0.42	-2.161	8
-0.35	9.225	1.7173658609	3.413	3.5623	0.4587	-0.42	-2.162	8
-0.35	9.225	1.7173683643	3.4152	3.562	0.4553	-0.42	-2.162	8
-0.35	9.225	1.7173708677	3.4174	3.5617	0.4518	-0.42	-2.163	8
-0.35	9.225	1.7173734903	3.4196	3.5615	0.4484	-0.42	-2.163	8
-0.35	9.225	1.7173759937	3.4219	3.5612	0.4449	-0.419	-2.164	8
-0.35	9.225	1.7173784971	3.4241	3.5609	0.4415	-0.419	-2.165	8
-0.35	9.225	1.7173810005	3.4263	3.5606	0.438	-0.419	-2.165	8
-0.35	9.225	1.7173835039	3.4285	3.5604	0.4346	-0.419	-2.166	8
-0.35	9.225	1.7173861265	3.4308	3.5601	0.4311	-0.419	-2.166	8
-0.35	9.225	1.7173886299	3.433	3.5598	0.4277	-0.419	-2.166	8
-0.35	9.225	1.7173911333	3.4352	3.5596	0.4242	-0.418	-2.165	8
-0.35	9.225	1.7173941135	3.4376	3.5593	0.4204	-0.416	-2.163	8
-0.35	9.225	1.717397213	3.4401	3.559	0.4166	-0.415	-2.162	8
-0.35	9.225	1.7174001932	3.4425	3.5586	0.4127	-0.414	-2.16	8
-0.35	9.225	1.7174031734	3.4449	3.5583	0.4089	-0.412	-2.158	8
-0.35	9.225	1.7174062729	3.4473	3.558	0.405	-0.411	-2.157	8
-0.35	9.225	1.7174092531	3.4497	3.5577	0.4012	-0.409	-2.155	8
-0.35	9.225	1.7174122334	3.4521	3.5574	0.3974	-0.408	-2.154	8
-0.35	9.225	1.7174152136	3.4545	3.5571	0.3935	-0.407	-2.152	8
-0.35	9.225	1.717418313	3.4569	3.5568	0.3897	-0.405	-2.15	8
-0.35	9.225	1.7174212933	3.4593	3.5565	0.3858	-0.404	-2.149	8
-0.35	9.225	1.7174242735	3.4618	3.5562	0.382	-0.402	-2.147	8
-0.35	9.225	1.7174273729	3.4642	3.5559	0.3782	-0.401	-2.146	8
-0.35	9.225	1.7174303532	3.4666	3.5556	0.3743	-0.4	-2.144	8
-0.35	9.225	1.7174333334	3.469	3.5553	0.3705	-0.398	-2.142	8
-0.35	9.225	1.7174364328	3.4714	3.555	0.3666	-0.397	-2.141	8
-0.35	9.225	1.7174394131	3.4738	3.5547	0.3628	-0.395	-2.139	8
-0.35	9.225	1.7174423933	3.4762	3.5544	0.359	-0.394	-2.138	8
-0.35	9.225	1.7174454927	3.4786	3.5541	0.3551	-0.393	-2.136	8
-0.35	9.225	1.717448473	3.4811	3.5538	0.3513	-0.391	-2.134	8
-0.35	9.225	1.7174514532	3.4835	3.5535	0.3474	-0.39	-2.133	8
-0.35	9.225	1.7174544334	3.4859	3.5532	0.3436	-0.388	-2.131	8
-0.35	9.225	1.7174575329	3.4883	3.5529	0.3398	-0.387	-2.129	8
-0.35	9.225	1.7174605131	3.4907	3.5525	0.3359	-0.385	-2.128	8
-0.35	9.225	1.7174634933	3.4931	3.5522	0.3321	-0.384	-2.126	8
-0.35	9.225	1.7174665928	3.4955	3.5519	0.3282	-0.382	-2.125	8
-0.35	9.225	1.717469573	3.4979	3.5516	0.3244	-0.381	-2.123	8
-0.35	9.225	1.7174730301	3.5	3.5513	0.3209	-0.379	-2.121	8
-0.35	9.225	1.7174766064	3.502	3.5511	0.3175	-0.377	-2.119	8
-0.35	9.225	1.7174800634	3.504	3.5508	0.314	-0.375	-2.117	8
-0.35	9.225	1.7174836397	3.506	3.5505	0.3105	-0.373	-2.115	8
-0.35	9.225	1.7174870968	3.5081	3.5502	0.3071	-0.371	-2.113	8
-0.35	9.225	1.7174906731	3.5101	3.5499	0.3036	-0.369	-2.11	8
-0.35	9.225	1.7174941301	3.5121	3.5496	0.3001	-0.366	-2.106	8
-0.35	9.225	1.7174975872	3.5142	3.5494	0.2967	-0.362	-2.101	8
-0.35	9.225	1.7175011635	3.5162	3.5491	0.2932	-0.359	-2.097	8
-0.35	9.225	1.7175046206	3.5182	3.5488	0.2897	-0.356	-2.093	8
-0.35	9.225	1.7175081968	3.5202	3.5485	0.2862	-0.352	-2.088	8
-0.35	9.225	1.7175116539	3.5223	3.5482	0.2828	-0.349	-2.084	8
-0.35	9.225	1.7175152302	3.5243	3.5479	0.2793	-0.345	-2.079	8
-0.35	9.225	1.7175186872	3.5263	3.5477	0.2758	-0.342	-2.075	8
-0.35	9.225	1.7175221443	3.5284	3.5474	0.2724	-0.339	-2.07	8
-0.35	9.225	1.7175257206	3.5304	3.5471	0.2689	-0.335	-2.066	8
-0.35	9.225	1.7175291777	3.5324	3.5468	0.2654	-0.332	-2.062	8
-0.35	9.225	1.7175327539	3.5344	3.5465	0.262	-0.328	-2.057	8
-0.35	9.225	1.717536211	3.5365	3.5463	0.2585	-0.325	-2.053	8
-0.35	9.225	1.7175396681	3.5385	3.546	0.255	-0.322	-2.048	8
-0.35	9.225	1.7175432444	3.5405	3.5457	0.2515	-0.318	-2.044	8
-0.35	9.225	1.7175467014	3.5426	3.5454	0.2481	-0.315	-2.039	8
-0.35	9.225	1.7175502777	3.5446	3.5451	0.2446	-0.311	-2.035	8
-0.35	9.225	1.7175537348	3.5466	3.5448	0.2411	-0.308	-2.03	8
-0.35	9.225	1.7175573111	3.5486	3.5446	0.2377	-0.305	-2.026	8
-0.35	9.225	1.7175607681	3.5507	3.5443	0.2342	-0.301	-2.022	8
-0.35	9.225	1.7175643444	3.5523	3.544	0.2311	-0.297	-2.017	8
-0.35	9.225	1.7175679207	3.5539	3.5437	0.2281	-0.294	-2.012	8
-0.35	9.225	1.7175716162	3.5555	3.5435	0.225	-0.29	-2.007	8
-0.35	9.225	1.7175751925	3.5572	3.5432	0.2219	-0.286	-2.003	8
-0.35	9.225	1.7175787687	3.5588	3.543	0.2189	-0.283	-1.998	8
-0.35	9.225	1.717582345	3.5604	3.5427	0.2158	-0.279	-1.993	8
-0.35	9.225	1.7175859213	3.562	3.5424	0.2127	-0.275	-1.989	8
-0.35	9.225	1.7175896168	3.5637	3.5422	0.2097	-0.271	-1.984	8
-0.35	9.225	1.7175931931	3.5653	3.5419	0.2066	-0.268	-1.979	8
-0.35	9.225	1.7175967693	3.5669	3.5417	0.2035	-0.264	-1.974	8
-0.35	9.225	1.7176003456	3.5685	3.5414	0.2005	-0.26	-1.97	8
-0.35	9.225	1.7176039219	3.5702	3.5411	0.1974	-0.256	-1.965	8
-0.35	9.225	1.7176074982	3.5718	3.5409	0.1943	-0.253	-1.96	8
-0.35	9.225	1.7176111937	3.5734	3.5406	0.1913	-0.249	-1.956	8
-0.35	9.225	1.7176147699	3.575	3.5404	0.1882	-0.245	-1.951	8
-0.35	9.225	1.7176183462	3.5767	3.5401	0.1851	-0.241	-1.946	8
-0.35	9.225	1.7176219225	3.5783	3.5398	0.182	-0.237	-1.94	8
-0.35	9.225	1.7176254988	3.5799	3.5396	0.179	-0.231	-1.933	8
-0.35	9.225	1.7176291943	3.5815	3.5393	0.1759	-0.226	-1.926	8
-0.35	9.225	1.7176327705	3.5832	3.5391	0.1728	-0.22	-1.918	8
-0.35	9.225	1.7176363468	3.5848	3.5388	0.1698	-0.215	-1.911	8
-0.35	9.225	1.7176399231	3.5864	3.5385	0.1667	-0.209	-1.904	8
-0.35	9.225	1.7176434994	3.588	3.5383	0.1636	-0.204	-1.897	8
-0.35	9.225	1.7176471949	3.5897	3.538	0.1606	-0.198	-1.89	8
-0.35	9.225	1.7176507711	3.5913	3.5378	0.1575	-0.193	-1.883	8
-0.35	9.225	1.7176543474	3.5929	3.5375	0.1544	-0.187	-1.876	8
-0.35	9.225	1.7176579237	3.5945	3.5372	0.1512	-0.181	-1.868	8
-0.35	9.225	1.7176615	3.5961	3.537	0.148	-0.175	-1.86	8
-0.35	9.225	1.717664957	3.5976	3.5367	0.1449	-0.169	-1.852	8
-0.35	9.225	1.7176685333	3.5992	3.5364	0.1417	-0.162	-1.844	8
-0.35	9.225	1.7176721096	3.6008	3.5361	0.1385	-0.156	-1.836	8
-0.35	9.225	1.7176756859	3.6024	3.5358	0.1353	-0.15	-1.828	8
-0.35	9.225	1.717679143	3.6039	3.5356	0.1321	-0.144	-1.82	8
-0.35	9.225	1.7176827192	3.6055	3.5353	0.1289	-0.138	-1.812	8
-0.35	9.225	1.7176862955	3.6071	3.535	0.1258	-0.131	-1.804	8
-0.35	9.225	1.7176898718	3.6087	3.5347	0.1226	-0.125	-1.796	8
-0.35	9.225	1.7176933289	3.6102	3.5345	0.1194	-0.119	-1.788	8
-0.35	9.225	1.7176969051	3.6118	3.5342	0.1162	-0.113	-1.78	8
-0.35	9.225	1.7177004814	3.6134	3.5339	0.113	-0.107	-1.772	8
-0.35	9.225	1.7177040577	3.6149	3.5336	0.1098	-0.101	-1.764	8
-0.35	9.225	1.717707634	3.6165	3.5334	0.1066	-0.094	-1.756	8
-0.35	9.225	1.717711091	3.6181	3.5331	0.1035	-0.088	-1.748	8
-0.35	9.225	1.7177146673	3.6197	3.5328	0.1003	-0.082	-1.74	8
-0.35	9.225	1.7177182436	3.6212	3.5325	0.0971	-0.076	-1.732	8
-0.35	9.225	1.7177218199	3.6228	3.5322	0.0939	-0.07	-1.725	8
-0.35	9.225	1.7177252769	3.6244	3.532	0.0907	-0.064	-1.717	8
-0.35	9.225	1.7177288532	3.626	3.5317	0.0875	-0.058	-1.709	8
-0.35	9.225	1.7177324295	3.6275	3.5314	0.0843	-0.051	-1.701	8
-0.35	9.225	1.7177360058	3.6291	3.5311	0.0811	-0.045	-1.693	8
-0.35	9.225	1.7177394629	3.6307	3.5309	0.0779	-0.039	-1.685	8
-0.35	9.225	1.7177430391	3.6323	3.5306	0.0747	-0.033	-1.677	8
-0.35	9.225	1.7177466154	3.6338	3.5303	0.0715	-0.027	-1.669	8
-0.35	9.225	1.7177500725	3.6353	3.53	0.0684	-0.021	-1.661	8
-0.35	9.225	1.7177536488	3.6367	3.5298	0.0653	-0.011	-1.649	8
-0.35	9.225	1.7177571058	3.6381	3.5295	0.0621	0.0	-1.635	8
-0.35	9.225	1.7177605629	3.6396	3.5292	0.059	0.011	-1.622	8
-0.35	9.225	1.7177641392	3.641	3.529	0.0558	0.022	-1.609	8
-0.35	9.225	1.7177675962	3.6424	3.5287	0.0527	0.033	-1.595	8
-0.35	9.225	1.7177710533	3.6439	3.5284	0.0495	0.044	-1.582	8
-0.35	9.225	1.7177745104	3.6453	3.5282	0.0464	0.055	-1.568	8
-0.35	9.225	1.7177780867	3.6467	3.5279	0.0432	0.066	-1.555	8
-0.35	9.225	1.7177815437	3.6482	3.5276	0.0401	0.077	-1.541	8
-0.35	9.225	1.7177850008	3.6496	3.5274	0.037	0.088	-1.528	8
-0.35	9.225	1.7177885771	3.6511	3.5271	0.0338	0.099	-1.514	8
-0.35	9.225	1.7177920341	3.6525	3.5268	0.0307	0.11	-1.501	8
-0.35	9.225	1.7177954912	3.6539	3.5266	0.0275	0.121	-1.487	8
-0.35	9.225	1.7177990675	3.6554	3.5263	0.0244	0.132	-1.474	8
-0.35	9.225	1.7178025246	3.6568	3.526	0.0212	0.143	-1.46	8
-0.35	9.225	1.7178059816	3.6582	3.5258	0.018	0.154	-1.447	8
-0.35	9.225	1.7178095579	3.6597	3.5255	0.0149	0.165	-1.433	8
-0.35	9.225	1.717813015	3.6611	3.5252	0.0117	0.176	-1.42	8
-0.35	9.225	1.7178164721	3.6625	3.5249	0.0086	0.187	-1.406	8
-0.35	9.225	1.7178199291	3.664	3.5247	0.0054	0.198	-1.393	8
-0.35	9.225	1.7178235054	3.6654	3.5244	0.0023	0.209	-1.379	8
-0.35	9.225	1.7178269625	3.6668	3.5241	-0.0009	0.219	-1.365	8
-0.35	9.225	1.7178304195	3.6683	3.5239	-0.0041	0.229	-1.351	8
-0.35	9.225	1.7178339958	3.6697	3.5236	-0.0072	0.238	-1.336	8
-0.35	9.225	1.7178374529	3.6712	3.5233	-0.0104	0.247	-1.322	8
-0.35	9.225	1.7178406715	3.6725	3.523	-0.014	0.262	-1.3	8
-0.35	9.225	1.7178440094	3.6739	3.5226	-0.0176	0.276	-1.279	8
-0.35	9.225	1.7178472281	3.6753	3.5222	-0.0212	0.291	-1.259	8
-0.35	9.225	1.7178505659	3.6766	3.5219	-0.0247	0.305	-1.238	8
-0.35	9.225	1.7178537846	3.678	3.5215	-0.0283	0.319	-1.217	8
-0.35	9.225	1.7178571224	3.6794	3.5212	-0.0319	0.334	-1.196	8
-0.35	9.225	1.7178603411	3.6807	3.5208	-0.0355	0.348	-1.175	8
-0.35	9.225	1.7178636789	3.6821	3.5204	-0.0391	0.362	-1.154	8
-0.35	9.225	1.7178668976	3.6835	3.5201	-0.0427	0.376	-1.134	8
-0.35	9.225	1.7178702354	3.6848	3.5197	-0.0463	0.388	-1.118	8
-0.35	9.225	1.7178734541	3.6862	3.5193	-0.0499	0.4	-1.104	8
-0.35	9.225	1.717876792	3.6876	3.519	-0.0535	0.412	-1.09	8
-0.35	9.225	1.7178800106	3.6889	3.5186	-0.0571	0.423	-1.076	8
-0.35	9.225	1.7178832293	3.6903	3.5182	-0.0608	0.435	-1.062	8
-0.35	9.225	1.7178865671	3.6917	3.5179	-0.0644	0.446	-1.049	8
-0.35	9.225	1.7178897858	3.6931	3.5175	-0.068	0.458	-1.035	8
-0.35	9.225	1.7178931236	3.6944	3.5171	-0.0716	0.469	-1.022	8
-0.35	9.225	1.7178963423	3.6958	3.5168	-0.0752	0.48	-1.008	8
-0.35	9.225	1.7178996801	3.6972	3.5164	-0.0788	0.491	-0.995	8
-0.35	9.225	1.7179028988	3.6985	3.5161	-0.0824	0.502	-0.982	8
-0.35	9.225	1.7179062366	3.6999	3.5157	-0.086	0.513	-0.969	8
-0.35	9.225	1.7179094553	3.7013	3.5153	-0.0897	0.524	-0.956	8
-0.35	9.225	1.7179127932	3.7026	3.515	-0.0933	0.535	-0.943	8
-0.35	9.225	1.7179160118	3.704	3.5146	-0.0969	0.546	-0.93	8
-0.35	9.225	1.7179193497	3.7054	3.5142	-0.1005	0.556	-0.917	8
-0.35	9.225	1.7179225683	3.7067	3.5139	-0.1041	0.567	-0.905	8
-0.35	9.225	1.7179256678	3.708	3.5132	-0.109	0.59	-0.879	8
-0.35	9.225	1.717928648	3.7093	3.5125	-0.1138	0.612	-0.854	8
-0.35	9.225	1.7179317474	3.7106	3.5119	-0.1186	0.635	-0.828	8
-0.35	9.225	1.7179347277	3.7119	3.5112	-0.1234	0.657	-0.804	8
-0.35	9.225	1.7179378271	3.7132	3.5106	-0.1282	0.679	-0.779	8
-0.35	9.225	1.7179409266	3.7145	3.5099	-0.133	0.701	-0.754	8
-0.35	9.225	1.7179439068	3.7158	3.5093	-0.1379	0.725	-0.726	8
-0.35	9.225	1.7179470062	3.7171	3.5086	-0.1427	0.748	-0.697	8
-0.35	9.225	1.7179501057	3.7184	3.5079	-0.1475	0.772	-0.669	8
-0.35	9.225	1.7179530859	3.7197	3.5073	-0.1523	0.795	-0.642	8
-0.35	9.225	1.7179561853	3.721	3.5066	-0.1572	0.818	-0.614	8
-0.35	9.225	1.7179591656	3.7223	3.506	-0.162	0.84	-0.587	8
-0.35	9.225	1.717962265	3.7236	3.5053	-0.1668	0.863	-0.56	8
-0.35	9.225	1.7179653645	3.7249	3.5047	-0.1717	0.885	-0.534	8
-0.35	9.225	1.7179683447	3.7262	3.504	-0.1765	0.906	-0.507	8
-0.35	9.225	1.7179714441	3.7275	3.5033	-0.1813	-0.241	-2.449	8
-0.35	9.225	1.7179744244	3.7287	3.5027	-0.1862	-0.233	-2.444	8
-0.35	9.225	1.7179775238	3.73	3.502	-0.191	-0.226	-2.439	8
-0.35	9.225	1.7179806232	3.7313	3.5014	-0.1959	-0.219	-2.434	8
-0.35	9.225	1.7179836035	3.7326	3.5007	-0.2007	-0.212	-2.429	8
-0.35	9.225	1.7179867029	3.7339	3.5001	-0.2056	-0.206	-2.424	8
-0.35	9.225	1.7179898024	3.7352	3.4994	-0.2104	-0.2	-2.418	8
-0.35	9.225	1.7179927826	3.7365	3.4987	-0.2153	-0.193	-2.413	8
-0.35	9.225	1.717995882	3.7378	3.4981	-0.2201	-0.186	-2.407	8
-0.35	9.225	1.7179988623	3.7391	3.4974	-0.225	-0.179	-2.402	8
-0.35	9.225	1.7180019617	3.7404	3.4968	-0.2298	-0.172	-2.396	8
-0.35	9.225	1.7180047035	3.7417	3.496	-0.2356	-0.163	-2.39	8
-0.35	9.225	1.7180075645	3.743	3.4952	-0.2413	-0.153	-2.383	8
-0.35	9.225	1.7180103064	3.7443	3.4945	-0.2471	-0.143	-2.376	8
-0.35	9.225	1.7180131674	3.7456	3.4937	-0.2529	-0.132	-2.369	8
-0.35	9.225	1.7180159092	3.7469	3.4929	-0.2586	-0.121	-2.363	8
-0.35	9.225	1.7180187702	3.7482	3.4922	-0.2644	-0.11	-2.356	8
-0.35	9.225	1.718021512	3.7495	3.4914	-0.2702	-0.098	-2.35	8
-0.35	9.225	1.7180243731	3.7508	3.4906	-0.276	-0.093	-2.345	8
-0.35	9.225	1.7180271149	3.7521	3.4899	-0.2818	-0.089	-2.342	8
-0.35	9.225	1.7180299759	3.7534	3.4891	-0.2876	-0.087	-2.339	8
-0.35	9.225	1.7180327177	3.7547	3.4883	-0.2934	-0.085	-2.336	8
-0.35	9.225	1.7180355787	3.7559	3.4876	-0.2992	-0.084	-2.334	8
-0.35	9.225	1.7180383205	3.7572	3.4868	-0.305	-0.08	-2.33	8
-0.35	9.225	1.7180410624	3.7585	3.486	-0.3108	-0.074	-2.325	8
-0.35	9.225	1.7180439234	3.7598	3.4853	-0.3166	-0.067	-2.319	8
-0.35	9.225	1.7180466652	3.7611	3.4845	-0.3224	-0.058	-2.313	8
-0.35	9.225	1.7180495262	3.7624	3.4837	-0.3283	-0.049	-2.307	8
-0.35	9.225	1.718052268	3.7637	3.483	-0.3341	-0.04	-2.299	8
-0.35	9.225	1.7180551291	3.765	3.4822	-0.3399	-0.029	-2.292	8
-0.35	9.225	1.7180578709	3.7663	3.4814	-0.3458	-0.017	-2.283	8
-0.35	9.225	1.7180607319	3.7676	3.4807	-0.3516	-0.004	-2.275	8
-0.35	9.225	1.7180634737	3.7689	3.4799	-0.3575	0.01	-2.265	8
-0.35	9.225	1.7180663347	3.7702	3.4791	-0.3634	0.024	-2.255	8
-0.35	9.225	1.7180690765	3.7715	3.4784	-0.3692	0.04	-2.245	8
-0.35	9.225	1.7180719376	3.7728	3.4776	-0.3751	0.057	-2.234	8
-0.35	9.225	1.7180746794	3.7741	3.4768	-0.381	0.076	-2.222	8
-0.35	9.225	1.7180771828	3.7755	3.478	-0.3842	0.063	-2.234	8
-0.35	9.225	1.7180798054	3.7768	3.4791	-0.3876	0.051	-2.246	8
-0.35	9.225	1.718082428	3.7782	3.4802	-0.3911	0.039	-2.258	8
-0.35	9.225	1.7180849314	3.7795	3.4814	-0.3946	0.026	-2.271	8
-0.35	9.225	1.7180874348	3.7809	3.4825	-0.3983	0.012	-2.284	8
-0.35	9.225	1.7180900574	3.7822	3.4836	-0.4021	-0.004	-2.298	8
-0.35	9.225	1.71809268	3.7836	3.4848	-0.406	-0.022	-2.313	8
-0.35	9.225	1.7180951834	3.785	3.4859	-0.41	-0.04	-2.328	8
-0.35	9.225	1.7180976868	3.7863	3.487	-0.4142	-0.057	-2.344	8
-0.35	9.225	1.7181003094	3.7877	3.4882	-0.4184	-0.075	-2.359	8
-0.35	9.225	1.718102932	3.789	3.4893	-0.4228	-0.094	-2.374	8
-0.35	9.225	1.7181054354	3.7904	3.4904	-0.4274	-0.112	-2.39	8
-0.35	9.225	1.7181079388	3.7918	3.4916	-0.432	-0.13	-2.405	8
-0.35	9.225	1.7181105614	3.7931	3.4927	-0.4368	-0.149	-2.42	8
-0.35	9.225	1.718113184	3.7945	3.4939	-0.4418	-0.167	-2.436	8
-0.35	9.225	1.7181156874	3.7958	3.495	-0.4469	-0.185	-2.452	8
-0.35	9.225	1.7181181908	3.7972	3.4961	-0.4522	-0.203	-2.468	8
-0.35	9.225	1.7181208134	3.7985	3.4973	-0.4576	-0.222	-2.483	8
-0.35	9.225	1.718123436	3.7999	3.4984	-0.4633	-0.24	-2.5	8
-0.35	9.225	1.7181259394	3.8013	3.4995	-0.4691	-0.259	-2.516	8
-0.35	9.225	1.7181284428	3.8026	3.5007	-0.4751	-0.278	-2.532	8
-0.35	9.225	1.7181310654	3.804	3.5018	-0.4813	-0.297	-2.548	8
-0.35	9.225	1.718133688	3.8053	3.5029	-0.4877	-0.316	-2.565	8
-0.35	9.225	1.7181361914	3.8067	3.5041	-0.4943	-0.335	-2.582	8
-0.35	9.225	1.7181386948	3.8081	3.5052	-0.5011	-0.355	-2.599	8
-0.35	9.225	1.7181413174	3.8094	3.5063	-0.5082	-0.386	-2.624	8
-0.35	9.225	1.7181421518	3.8084	3.5091	-0.5	-0.457	-2.677	8
-0.35	9.225	1.7181429863	3.8074	3.5118	-0.4919	-0.527	-2.728	8
-0.35	9.225	1.7181438208	3.8064	3.5145	-0.4838	-0.596	-2.78	8
-0.35	9.225	1.718144536	3.8054	3.5172	-0.4757	-0.664	-2.831	8
-0.35	9.225	1.7181453705	3.8044	3.52	-0.4676	-0.717	-2.874	8
-0.35	9.225	1.7181462049	3.8034	3.5227	-0.4596	-0.759	-2.909	8
-0.35	9.225	1.7181470394	3.8024	3.5254	-0.4517	-0.801	-2.945	8
-0.35	9.225	1.7181478739	3.8014	3.5282	-0.4437	-0.843	-2.981	8
-0.35	9.225	1.7181487083	3.8004	3.5309	-0.4358	-0.885	-3.017	8
-0.35	9.225	1.7181494236	3.7994	3.5336	-0.428	-0.927	-3.048	8
-0.35	9.225	1.7181502581	3.7984	3.5363	-0.4201	-0.968	-3.078	8
-0.35	9.225	1.7181510925	3.7974	3.5391	-0.4123	-1.01	-3.108	8
-0.35	9.225	1.718151927	3.7964	3.5418	-0.4046	-1.052	-3.138	8
-0.35	9.225	1.7181527615	3.7953	3.5445	-0.3969	-1.093	-3.168	8
-0.35	9.225	1.7181535959	3.7943	3.5472	-0.3892	-1.133	-3.202	8
-0.35	9.225	1.7181544304	3.7933	3.55	-0.3816	-1.172	-3.236	8
-0.35	9.225	1.7181551456	3.7923	3.5527	-0.374	-1.212	-3.27	8
-0.35	9.225	1.7181559801	3.7913	3.5554	-0.3665	-1.251	-3.304	8
-0.35	9.225	1.7181568146	3.7903	3.5581	-0.359	-1.289	-3.336	8
-0.35	9.225	1.718157649	3.7893	3.5609	-0.3515	-1.326	-3.368	8
-0.35	9.225	1.7181584835	3.7883	3.5636	-0.3441	-1.363	-3.4	8
-0.35	9.225	1.718159318	3.7873	3.5663	-0.3368	-1.4	-3.432	8
-0.35	9.225	1.7181600332	3.7863	3.5691	-0.3295	-1.436	-3.463	8
-0.35	9.225	1.7181608677	3.7853	3.5718	-0.3222	-1.471	-3.493	8
-0.35	9.225	1.7181617022	3.7843	3.5745	-0.315	-1.505	-3.523	8
-0.35	9.225	1.7181625366	3.7833	3.5772	-0.3078	-1.54	-3.553	8
