# File generated by 'createIsoFiles.py' on Fri Nov 24 15:30:50 2017.
# Content of file: isochrone table with t = 1.78Gyr, [Fe/H] = 0.1.
# Isochrone tables in this file have been created by
# on the basis of PARSEC isochrones.
# NOTE: templates with M < 0.1 Msun have been.
# removed (considered below LMCO).
# -----------------------------------------------------------------
# FeH	log(age/yr)	M_ini	logL/Lo	logTeff	logg	 B	 V	 stage
0.1	9.25	0.1000000015	-3.261	3.3794	5.1688	21.006	19.054	0
0.1	9.25	0.1060185879	-3.1808	3.3896	5.1546	20.392	18.486	1
0.1	9.25	0.1199999973	-3.0091	3.4113	5.1233	19.086	17.272	1
0.1	9.25	0.1400000006	-2.8224	3.433	5.0904	17.758	16.035	1
0.1	9.25	0.1599999964	-2.6788	3.4474	5.0624	16.895	15.238	1
0.1	9.25	0.200000003	-2.4646	3.4661	5.02	15.759	14.163	1
0.1	9.25	0.25	-2.2622	3.4825	4.9801	14.796	13.246	1
0.1	9.25	0.3000000119	-2.103	3.4946	4.9487	14.102	12.577	1
0.1	9.25	0.3308252692	-2.0005	3.5002	4.9109	13.718	12.214	1
0.1	9.25	0.349999994	-1.946	3.5038	4.8954	13.507	12.012	0
0.1	9.25	0.400000006	-1.8023	3.5151	4.8548	12.925	11.459	0
0.1	9.25	0.4499999881	-1.6557	3.5273	4.808	12.346	10.908	0
0.1	9.25	0.5	-1.5054	3.5409	4.758	11.761	10.352	0
0.1	9.25	0.5056838393	-1.4869	3.5429	4.7524	11.686	10.281	1
0.1	9.25	0.5500000119	-1.3485	3.5582	4.7118	11.129	9.741	1
0.1	9.25	0.6000000238	-1.1891	3.5801	4.6776	10.452	9.076	1
0.1	9.25	0.6499999762	-1.0286	3.6064	4.6572	9.74	8.41	1
0.1	9.25	0.6999999881	-0.8737	3.6345	4.6466	9.007	7.765	1
0.1	9.25	0.7124648094	-0.8349	3.6424	4.6471	8.805	7.596	1
0.1	9.25	0.75	-0.722	3.6653	4.648	8.218	7.115	1
0.1	9.25	0.8000000119	-0.5899	3.6852	4.6237	7.646	6.638	1
0.1	9.25	0.8497125506	-0.4633	3.7041	4.599	7.135	6.21	1
0.1	9.25	0.8864135742	-0.374	3.7174	4.5813	6.793	5.922	1
0.1	9.25	0.9364136457	-0.2555	3.734	4.553	6.365	5.56	1
0.1	9.25	0.9638358355	-0.1921	3.7424	4.5355	6.144	5.373	1
0.1	9.25	0.9864135981	-0.1408	3.749	4.5209	5.969	5.225	1
0.1	9.25	0.9895023704	-0.1339	3.7499	4.5187	5.945	5.205	1
0.1	9.25	1.0304777622	-0.0425	3.7609	4.489	5.647	4.95	1
0.1	9.25	1.0364136696	-0.0295	3.7624	4.4846	5.605	4.914	1
0.1	9.25	1.0529315472	0.0063	3.7663	4.4714	5.491	4.816	1
0.1	9.25	1.0930039883	0.0917	3.7756	4.439	5.22	4.583	1
0.1	9.25	1.1228271723	0.1538	3.7821	4.4147	5.023	4.417	1
0.1	9.25	1.1728272438	0.2575	3.792	4.3698	4.699	4.147	1
0.1	9.25	1.1957749128	0.3035	3.7963	4.3494	4.559	4.027	1
0.1	9.25	1.2228271961	0.3565	3.801	4.3249	4.399	3.889	1
0.1	9.25	1.2728272676	0.4503	3.8086	4.2786	4.127	3.647	1
0.1	9.25	1.2763550282	0.4565	3.809	4.2756	4.109	3.631	1
0.1	9.25	1.3592408895	0.5976	3.8188	4.2007	3.709	3.268	1
0.1	9.25	1.4092409611	0.6792	3.8232	4.1525	3.483	3.059	1
0.1	9.25	1.4468524456	0.739	3.8259	4.1148	3.32	2.907	1
0.1	9.25	1.4592409134	0.7585	3.8265	4.1016	3.268	2.857	1
0.1	9.25	1.4788755178	0.7883	3.8272	4.0803	3.189	2.782	1
0.1	9.25	1.5092407465	0.834	3.8275	4.0448	3.072	2.666	1
0.1	9.25	1.5163824558	0.8445	3.8277	4.0372	3.044	2.64	1
0.1	9.25	1.5443634987	0.885	3.8278	4.0047	2.941	2.537	1
0.1	9.25	1.5692913532	0.9208	3.827	3.9729	2.853	2.447	1
0.1	9.25	1.5927703381	0.9541	3.8255	3.9399	2.774	2.364	1
0.1	9.25	1.5956544876	0.9582	3.8252	3.9356	2.765	2.354	1
0.1	9.25	1.6051534414	0.9726	3.8246	3.9211	2.731	2.318	1
0.1	9.25	1.6274476051	1.006	3.8223	3.8847	2.655	2.235	1
0.1	9.25	1.6441754103	1.0299	3.8194	3.8538	2.606	2.177	1
0.1	9.25	1.6592409611	1.051	3.8165	3.8248	2.566	2.126	1
0.1	9.25	1.6605981588	1.0529	3.8162	3.8222	2.562	2.122	1
0.1	9.25	1.6800763607	1.0787	3.8116	3.7829	2.518	2.061	1
0.1	9.25	1.6910340786	1.0925	3.8085	3.7594	2.497	2.029	1
0.1	9.25	1.6976445913	1.1008	3.8067	3.7459	2.485	2.01	1
0.1	9.25	1.7152149677	1.122	3.8018	3.7097	2.455	1.962	1
0.1	9.25	1.7320773602	1.1421	3.7967	3.6731	2.434	1.917	1
0.1	9.25	1.7410340309	1.154	3.7939	3.6526	2.42	1.891	1
0.1	9.25	1.7490653992	1.1648	3.7913	3.6332	2.409	1.867	1
0.1	9.25	1.7566370964	1.18	3.79	3.6145	2.379	1.831	1
0.1	9.25	1.7632336617	1.2185	3.7949	3.5974	2.251	1.727	1
0.1	9.25	1.7651091814	1.2575	3.8033	3.5925	2.103	1.619	1
0.1	9.25	1.7656794786	1.296	3.8123	3.5902	1.961	1.512	1
0.1	9.25	1.7659221888	1.3323	3.8213	3.59	1.827	1.411	1
0.1	9.25	1.7660324574	1.351	3.8266	3.5923	1.755	1.359	2
0.1	9.25	1.7660712004	1.3331	3.8238	3.5993	1.814	1.407	2
0.1	9.25	1.766123414	1.3075	3.8188	3.6048	1.902	1.476	2
0.1	9.25	1.766220808	1.2852	3.8081	3.5842	2.009	1.543	2
0.1	9.25	1.7663909197	1.2879	3.7957	3.5321	2.069	1.551	2
0.1	9.25	1.7666867971	1.2898	3.7829	3.4789	2.149	1.564	2
0.1	9.25	1.7671357393	1.2748	3.77	3.4424	2.273	1.629	2
0.1	9.25	1.7676211596	1.2481	3.7592	3.4263	2.406	1.72	2
0.1	9.25	1.768008709	1.2209	3.7514	3.4223	2.524	1.807	2
0.1	9.25	1.7683956623	1.1898	3.7439	3.4233	2.652	1.906	2
0.1	9.25	1.7687817812	1.1577	3.7365	3.4258	2.784	2.009	2
0.1	9.25	1.7692633867	1.1253	3.7275	3.4227	2.93	2.119	2
0.1	9.25	1.7698398829	1.1085	3.7177	3.4003	3.048	2.197	2
0.1	9.25	1.7700316906	1.1069	3.7146	3.3895	3.077	2.214	3
0.1	9.25	1.7704550028	1.1316	3.7092	3.3434	3.06	2.174	3
0.1	9.25	1.7708767653	1.1645	3.7044	3.2912	3.021	2.114	3
0.1	9.25	1.7712682486	1.2049	3.7006	3.2357	2.954	2.029	3
0.1	9.25	1.7716290951	1.2468	3.6974	3.1813	2.879	1.939	3
0.1	9.25	1.7719691992	1.289	3.6947	3.1282	2.8	1.847	3
0.1	9.25	1.77229774	1.3312	3.6921	3.0755	2.719	1.754	3
0.1	9.25	1.7726188898	1.3736	3.6895	3.0231	2.638	1.661	3
0.1	9.25	1.7728271484	1.4013	3.6879	2.9888	2.586	1.6	3
0.1	9.25	1.7731049061	1.4356	3.6859	2.9468	2.52	1.525	3
0.1	9.25	1.7735204697	1.486	3.683	2.8849	2.423	1.414	3
0.1	9.25	1.7739354372	1.5363	3.6801	2.8232	2.325	1.304	3
0.1	9.25	1.7743498087	1.5873	3.6772	2.7604	2.229	1.194	3
0.1	9.25	1.7747446299	1.6364	3.6742	2.6995	2.138	1.089	3
0.1	9.25	1.7751590014	1.6889	3.6709	2.6341	2.041	0.977	3
0.1	9.25	1.7755600214	1.7409	3.6677	2.5691	1.948	0.868	3
0.1	9.25	1.7758995295	1.7858	3.6647	2.5126	1.868	0.774	3
0.1	9.25	1.7762762308	1.8377	3.6613	2.4471	1.783	0.667	3
0.1	9.25	1.776597023	1.8823	3.6583	2.3905	1.713	0.577	3
0.1	9.25	1.7769919634	1.9368	3.6546	2.3211	1.629	0.468	3
0.1	9.25	1.7773615122	1.9873	3.6511	2.2568	1.552	0.368	3
0.1	9.25	1.7776806355	2.0301	3.6481	2.2021	1.489	0.284	3
0.1	9.25	1.7780358791	2.0705	3.6452	2.1501	1.431	0.207	3
0.1	9.25	1.7783733606	2.0906	3.6438	2.1247	1.401	0.168	3
0.1	9.25	1.7786672115	2.0683	3.6455	2.1536	1.433	0.21	3
0.1	9.25	1.7788441181	2.0336	3.648	2.1987	1.481	0.276	3
0.1	9.25	1.7789980173	1.9864	3.6515	2.2597	1.549	0.367	3
0.1	9.25	1.7791075706	1.944	3.6545	2.3141	1.613	0.451	3
0.1	9.25	1.7792255878	1.8957	3.658	2.3763	1.685	0.546	3
0.1	9.25	1.7793328762	1.8527	3.6609	2.4313	1.751	0.632	3
0.1	9.25	1.7794471979	1.8109	3.6638	2.4848	1.817	0.717	3
0.1	9.25	1.7795951366	1.7654	3.667	2.5431	1.893	0.81	3
0.1	9.25	1.7797040939	1.7424	3.6686	2.5725	1.933	0.857	3
0.1	9.25	1.7799087763	1.7698	3.6668	2.5377	1.885	0.801	3
0.1	9.25	1.7802212238	1.8123	3.6639	2.4838	1.813	0.713	3
0.1	9.25	1.7806252241	1.8547	3.6611	2.4301	1.745	0.626	3
0.1	9.25	1.7810444832	1.8966	3.6583	2.3771	1.679	0.541	3
0.1	9.25	1.7814509869	1.936	3.6555	2.3269	1.619	0.463	3
0.1	9.25	1.7818781137	1.9769	3.6527	2.2748	1.556	0.381	3
0.1	9.25	1.7822927237	2.0167	3.6499	2.224	1.496	0.302	3
0.1	9.25	1.7827069759	2.0568	3.6471	2.1727	1.438	0.225	3
0.1	9.25	1.7831027508	2.0957	3.6443	2.1226	1.383	0.151	3
0.1	9.25	1.7834898233	2.1347	3.6415	2.0725	1.327	0.077	3
0.1	9.25	1.7838642597	2.1735	3.6387	2.0227	1.272	0.004	3
0.1	9.25	1.7842234373	2.212	3.6359	1.973	1.221	-0.067	3
0.1	9.25	1.7845594883	2.2493	3.6331	1.9248	1.174	-0.135	3
0.1	9.25	1.7848854065	2.2868	3.6304	1.8763	1.126	-0.204	3
0.1	9.25	1.7851910591	2.3234	3.6277	1.8292	1.08	-0.269	3
0.1	9.25	1.7854818106	2.3599	3.6249	1.7815	1.036	-0.332	3
0.1	9.25	1.7857592106	2.3965	3.6221	1.7339	0.993	-0.396	3
0.1	9.25	1.7860162258	2.4319	3.6194	1.6877	0.951	-0.457	3
0.1	9.25	1.786262989	2.4674	3.6167	1.6415	0.91	-0.516	3
0.1	9.25	1.7864927053	2.5019	3.6141	1.5964	0.871	-0.573	3
0.1	9.25	1.7867093086	2.5363	3.6113	1.551	0.834	-0.629	3
0.1	9.25	1.786914587	2.5705	3.6086	1.5061	0.796	-0.683	3
0.1	9.25	1.7871512175	2.612	3.6053	1.4514	0.747	-0.746	3
0.1	9.25	1.7873706818	2.6529	3.6021	1.3975	0.699	-0.808	3
0.1	9.25	1.7875729799	2.6928	3.5987	1.3444	0.655	-0.864	3
0.1	9.25	1.7877284288	2.725	3.5961	1.3015	0.621	-0.907	3
0.1	9.25	1.7879040241	2.7634	3.5927	1.25	0.582	-0.956	3
0.1	9.25	1.7880676985	2.8012	3.5895	1.1993	0.543	-1.005	3
0.1	9.25	1.7882189751	2.8382	3.5864	1.1496	0.507	-1.043	3
0.1	9.25	1.7883610725	2.8749	3.5831	1.1	0.474	-1.081	3
0.1	9.25	1.7884922028	2.9105	3.5799	1.0514	0.443	-1.115	3
0.1	9.25	1.7886128426	2.945	3.5766	1.0041	0.422	-1.133	3
0.1	9.25	1.788724184	2.9783	3.5735	0.9581	0.414	-1.152	3
0.1	9.25	1.788828969	3.0111	3.5704	0.913	0.406	-1.173	3
0.1	9.25	1.7889273167	3.0432	3.5674	0.8688	0.406	-1.181	3
0.1	9.25	1.7890179157	3.0742	3.5643	0.8256	0.409	-1.186	3
0.1	9.25	1.7891048193	3.1045	3.5612	0.7828	0.413	-1.19	3
0.1	9.25	1.7891583443	3.1233	3.5592	0.7562	0.42	-1.187	4
0.1	9.25	1.790640831	1.6888	3.6807	2.6771	1.937	0.916	4
0.1	9.25	1.7921880484	1.6911	3.6808	2.6755	1.931	0.91	4
0.1	9.25	1.7936347723	1.6901	3.6811	2.6781	1.93	0.911	4
0.1	9.25	1.7950952053	1.6896	3.6814	2.6801	1.928	0.911	4
0.1	9.25	1.7967369556	1.6892	3.6817	2.6822	1.926	0.91	4
0.1	9.25	1.7983402014	1.6889	3.682	2.684	1.924	0.909	4
0.1	9.25	1.7998348475	1.6887	3.6823	2.6857	1.922	0.908	4
0.1	9.25	1.801441431	1.6886	3.6826	2.6873	1.919	0.907	4
0.1	9.25	1.8031504154	1.6888	3.6828	2.6887	1.916	0.905	4
0.1	9.25	1.8048599958	1.6892	3.6831	2.6896	1.913	0.903	4
0.1	9.25	1.8065098524	1.6899	3.6833	2.6902	1.909	0.9	4
0.1	9.25	1.8082544804	1.6907	3.6835	2.6906	1.905	0.896	4
0.1	9.25	1.8100444078	1.6917	3.6837	2.6909	1.9	0.893	4
0.1	9.25	1.8116564751	1.6927	3.6839	2.6909	1.896	0.889	4
0.1	9.25	1.8126299381	1.6934	3.684	2.6909	1.893	0.887	4
0.1	9.25	1.813395381	1.694	3.6841	2.6907	1.891	0.885	4
0.1	9.25	1.8149956465	1.6953	3.6842	2.6904	1.887	0.881	4
0.1	9.25	1.816773057	1.6969	3.6843	2.6898	1.881	0.877	4
0.1	9.25	1.8184235096	1.6985	3.6844	2.6889	1.876	0.872	4
0.1	9.25	1.8200819492	1.7003	3.6845	2.6878	1.871	0.867	4
0.1	9.25	1.8217892647	1.7024	3.6846	2.6863	1.865	0.861	4
0.1	9.25	1.823453784	1.7046	3.6846	2.6846	1.859	0.856	4
0.1	9.25	1.8252543211	1.7072	3.6846	2.6825	1.853	0.849	4
0.1	9.25	1.8270236254	1.7102	3.6846	2.6798	1.846	0.842	4
0.1	9.25	1.8288710117	1.7135	3.6845	2.6765	1.838	0.834	4
0.1	9.25	1.8306770325	1.7172	3.6843	2.6727	1.83	0.825	4
0.1	9.25	1.8324812651	1.7214	3.6841	2.6682	1.822	0.816	4
0.1	9.25	1.8342615366	1.726	3.6839	2.6629	1.813	0.806	4
0.1	9.25	1.8360612392	1.7315	3.6835	2.6566	1.802	0.794	4
0.1	9.25	1.8364136219	1.7326	3.6835	2.6552	1.8	0.791	4
0.1	9.25	1.8369809389	1.7343	3.6834	2.6532	1.797	0.788	4
0.1	9.25	1.8389763832	1.741	3.6829	2.6453	1.785	0.773	4
0.1	9.25	1.8409955502	1.7389	3.6834	2.6496	1.786	0.776	4
0.1	9.25	1.8430769444	1.7551	3.6819	2.628	1.76	0.744	4
0.1	9.25	1.8451628685	1.7828	3.6793	2.5906	1.716	0.688	4
0.1	9.25	1.8465634584	1.8203	3.676	2.5402	1.657	0.615	4
0.1	9.25	1.847250104	1.8598	3.6726	2.4872	1.596	0.536	4
0.1	9.25	1.84763062	1.9031	3.669	2.4294	1.533	0.45	4
0.1	9.25	1.8478068113	1.9429	3.6657	2.3765	1.476	0.373	4
0.1	9.25	1.847900033	1.9835	3.6624	2.3227	1.418	0.293	4
0.1	9.25	1.8479540348	2.0253	3.659	2.2673	1.359	0.212	4
0.1	9.25	1.8479857445	2.061	3.6561	2.2201	1.31	0.144	7
0.1	9.25	1.8479862213	2.0616	3.656	2.2193	1.309	0.143	7
0.1	9.25	1.8479883671	2.0648	3.6558	2.2151	1.304	0.137	7
0.1	9.25	1.848017931	2.1084	3.6523	2.1577	1.243	0.053	7
0.1	9.25	1.8480457067	2.1492	3.6491	2.104	1.187	-0.024	7
0.1	9.25	1.8481063843	2.1889	3.646	2.0517	1.134	-0.098	7
0.1	9.25	1.8481571674	2.1598	3.6483	2.0903	1.172	-0.045	7
0.1	9.25	1.8482743502	2.1166	3.6518	2.1474	1.231	0.037	7
0.1	9.25	1.8492619991	2.0931	3.6537	2.1788	1.263	0.081	7
0.1	9.25	1.8510780334	2.1236	3.6514	2.1393	1.219	0.023	7
0.1	9.25	1.8519954681	2.1644	3.6481	2.0857	1.164	-0.054	7
0.1	9.25	1.8526411057	2.2028	3.6451	2.0353	1.113	-0.125	7
0.1	9.25	1.8531653881	2.2415	3.642	1.9844	1.062	-0.196	7
0.1	9.25	1.853602767	2.2804	3.6389	1.9331	1.015	-0.267	7
0.1	9.25	1.8539779186	2.3201	3.6357	1.8808	0.968	-0.337	7
0.1	9.25	1.8543053865	2.3601	3.6325	1.828	0.921	-0.407	7
0.1	9.25	1.8545883894	2.3986	3.6293	1.7771	0.876	-0.475	7
0.1	9.25	1.8548508883	2.4371	3.6262	1.7261	0.833	-0.54	7
0.1	9.25	1.8551023006	2.4768	3.623	1.6735	0.789	-0.607	7
0.1	9.25	1.855340004	2.5175	3.6196	1.6194	0.744	-0.675	7
0.1	9.25	1.8555625677	2.5607	3.6161	1.5621	0.699	-0.744	7
0.1	9.25	1.855758667	2.6077	3.6122	1.4995	0.651	-0.818	7
0.1	9.25	1.8559116125	2.6569	3.608	1.4337	0.595	-0.893	7
0.1	9.25	1.8560210466	2.7033	3.604	1.3715	0.545	-0.96	7
0.1	9.25	1.8561065197	2.7463	3.6003	1.3135	0.498	-1.022	7
0.1	9.25	1.8561806679	2.7877	3.5967	1.2577	0.457	-1.075	7
0.1	9.25	1.8562486172	2.8276	3.5931	1.2035	0.419	-1.125	7
0.1	9.25	1.8563139439	2.8664	3.5896	1.1506	0.382	-1.172	7
0.1	9.25	1.8563773632	2.9056	3.586	1.0971	0.348	-1.209	7
0.1	9.25	1.8564422131	2.9462	3.5822	1.0414	0.314	-1.248	7
0.1	9.25	1.8565024137	2.9825	3.5787	0.991	0.291	-1.275	7
0.1	9.25	1.8565666676	3.0196	3.5752	0.9397	0.284	-1.295	7
0.1	9.25	1.8566373587	3.0576	3.5714	0.8867	0.278	-1.317	7
0.1	9.25	1.8567152023	3.0969	3.5674	0.8316	0.281	-1.326	7
0.1	9.25	1.8567923307	3.1328	3.5637	0.7809	0.287	-1.329	7
0.1	9.25	1.856836915	3.1256	3.5646	0.7915	0.283	-1.331	7
0.1	9.25	1.8568387032	3.1178	3.5654	0.8025	0.282	-1.33	7
0.1	9.25	1.8568426371	3.0722	3.5701	0.8671	0.272	-1.33	7
0.1	9.25	1.8568447828	3.1014	3.5671	0.8259	0.278	-1.33	7
0.1	9.25	1.8568472862	3.135	3.5636	0.7782	0.284	-1.332	7
0.1	9.25	1.8568505049	3.1648	3.5604	0.7356	0.29	-1.333	7
0.1	9.25	1.8568549156	3.1914	3.5574	0.6972	0.31	-1.316	7
0.1	9.25	1.8568607569	3.2167	3.5546	0.6603	0.33	-1.296	7
0.1	9.25	1.8568692207	3.2496	3.5508	0.6124	0.353	-1.273	7
0.1	9.25	1.8568813801	3.286	3.5467	0.5597	0.396	-1.227	7
0.1	9.25	1.8568814993	3.286	3.5462	0.5574	0.414	-1.205	8
0.1	9.25	1.8568816185	3.2861	3.5454	0.5544	0.438	-1.178	8
0.1	9.25	1.8568817377	3.2861	3.5447	0.5514	0.462	-1.15	8
0.1	9.25	1.8568818569	3.2862	3.5438	0.5477	0.491	-1.116	8
0.1	9.25	1.8568819761	3.2862	3.5431	0.5448	0.515	-1.088	8
0.1	9.25	1.8568820953	3.2863	3.5423	0.5418	0.539	-1.06	8
0.1	9.25	1.8568849564	3.2904	3.5415	0.5342	0.557	-1.04	8
0.1	9.25	1.8568879366	3.2946	3.541	0.5279	0.563	-1.033	8
0.1	9.25	1.8568907976	3.2987	3.5405	0.5217	0.569	-1.026	8
0.1	9.25	1.8568936586	3.3028	3.54	0.5155	0.575	-1.018	8
0.1	9.25	1.8568966389	3.307	3.5395	0.5093	0.586	-1.007	8
0.1	9.25	1.8568994999	3.3111	3.539	0.5031	0.597	-0.996	8
0.1	9.25	1.8569023609	3.3152	3.5385	0.4969	0.607	-0.985	8
0.1	9.25	1.8569053411	3.3194	3.538	0.4907	0.616	-0.974	8
0.1	9.25	1.8569082022	3.3235	3.5375	0.4845	0.626	-0.963	8
0.1	9.25	1.8569110632	3.3276	3.537	0.4783	0.635	-0.952	8
0.1	9.25	1.8569140434	3.3318	3.5365	0.4721	0.645	-0.941	8
0.1	9.25	1.8569169044	3.3359	3.536	0.4659	0.654	-0.93	8
0.1	9.25	1.8569197655	3.34	3.5355	0.4597	0.663	-0.919	8
0.1	9.25	1.8569227457	3.3442	3.535	0.4535	0.672	-0.908	8
0.1	9.25	1.8569256067	3.3483	3.5345	0.4473	0.682	-0.898	8
0.1	9.25	1.856928587	3.3524	3.534	0.4411	0.691	-0.887	8
0.1	9.25	1.856931448	3.3566	3.5335	0.4349	0.7	-0.876	8
0.1	9.25	1.856934309	3.3607	3.533	0.4287	0.708	-0.865	8
0.1	9.25	1.8569372892	3.3648	3.5325	0.4225	0.717	-0.855	8
0.1	9.25	1.8569401503	3.369	3.532	0.4163	0.726	-0.844	8
0.1	9.25	1.8569430113	3.3731	3.5315	0.4101	0.735	-0.833	8
0.1	9.25	1.8569459915	3.3772	3.531	0.4039	0.743	-0.823	8
0.1	9.25	1.8569488525	3.3814	3.5305	0.3977	0.752	-0.812	8
0.1	9.25	1.8569517136	3.3855	3.53	0.3915	0.761	-0.801	8
0.1	9.25	1.8569546938	3.3897	3.5295	0.3853	0.777	-0.785	8
0.1	9.25	1.8569575548	3.3938	3.529	0.3791	0.792	-0.769	8
0.1	9.25	1.856960535	3.3967	3.5286	0.3746	0.804	-0.757	8
0.1	9.25	1.8569635153	3.3995	3.5282	0.3702	0.817	-0.744	8
0.1	9.25	1.8569664955	3.4024	3.5278	0.3657	0.829	-0.732	8
0.1	9.25	1.856969595	3.4053	3.5275	0.3613	0.841	-0.719	8
0.1	9.25	1.8569725752	3.4081	3.5271	0.3568	0.853	-0.706	8
0.1	9.25	1.8569755554	3.411	3.5267	0.3524	0.865	-0.694	8
0.1	9.25	1.8569785357	3.4139	3.5263	0.348	0.877	-0.681	8
0.1	9.25	1.8569815159	3.4167	3.526	0.3435	0.89	-0.669	8
0.1	9.25	1.8569844961	3.4196	3.5256	0.3391	0.902	-0.656	8
0.1	9.25	1.8569875956	3.4225	3.5252	0.3346	0.914	-0.643	8
0.1	9.25	1.8569905758	3.4253	3.5248	0.3302	0.926	-0.631	8
0.1	9.25	1.856993556	3.4282	3.5245	0.3257	0.938	-0.618	8
0.1	9.25	1.8569965363	3.4311	3.5241	0.3213	0.95	-0.606	8
0.1	9.25	1.8569995165	3.4339	3.5237	0.3168	0.962	-0.593	8
0.1	9.25	1.8570024967	3.4368	3.5233	0.3124	0.974	-0.58	8
0.1	9.25	1.857005477	3.4397	3.523	0.3079	0.986	-0.568	8
0.1	9.25	1.8570085764	3.4426	3.5226	0.3035	0.998	-0.555	8
0.1	9.25	1.8570115566	3.4454	3.5222	0.299	1.01	-0.543	8
0.1	9.25	1.8570145369	3.4483	3.5218	0.2946	1.022	-0.53	8
0.1	9.25	1.8570175171	3.4512	3.5215	0.2901	1.034	-0.517	8
0.1	9.25	1.8570204973	3.454	3.5211	0.2857	1.046	-0.505	8
0.1	9.25	1.8570234776	3.4569	3.5207	0.2812	1.058	-0.492	8
0.1	9.25	1.857026577	3.4598	3.5204	0.2768	1.07	-0.48	8
0.1	9.25	1.8570295572	3.4626	3.52	0.2723	1.082	-0.467	8
0.1	9.25	1.8570325375	3.4655	3.5196	0.2679	1.093	-0.456	8
0.1	9.25	1.8570355177	3.4684	3.5192	0.2635	1.105	-0.445	8
0.1	9.25	1.857039094	3.4706	3.5189	0.2599	1.115	-0.436	8
0.1	9.25	1.8570426702	3.4728	3.5186	0.2563	1.125	-0.426	8
0.1	9.25	1.8570462465	3.475	3.5183	0.2527	1.136	-0.417	8
0.1	9.25	1.8570498228	3.4772	3.518	0.2492	1.146	-0.408	8
0.1	9.25	1.8570533991	3.4795	3.5177	0.2456	1.156	-0.398	8
0.1	9.25	1.8570569754	3.4817	3.5174	0.242	1.166	-0.389	8
0.1	9.25	1.8570604324	3.4839	3.5171	0.2385	1.176	-0.379	8
0.1	9.25	1.8570640087	3.4861	3.5168	0.2349	1.187	-0.37	8
0.1	9.25	1.857067585	3.4883	3.5165	0.2313	1.197	-0.36	8
0.1	9.25	1.8570711613	3.4905	3.5162	0.2278	1.207	-0.351	8
0.1	9.25	1.8570747375	3.4928	3.5159	0.2242	1.218	-0.341	8
0.1	9.25	1.8570783138	3.495	3.5156	0.2206	1.228	-0.331	8
0.1	9.25	1.8570818901	3.4972	3.5152	0.2171	1.238	-0.322	8
0.1	9.25	1.8570854664	3.4994	3.5149	0.2135	1.249	-0.312	8
0.1	9.25	1.8570890427	3.5016	3.5146	0.2099	1.259	-0.303	8
0.1	9.25	1.8570926189	3.5038	3.5143	0.2064	1.269	-0.293	8
0.1	9.25	1.8570961952	3.5061	3.514	0.2028	1.28	-0.283	8
0.1	9.25	1.8570997715	3.5083	3.5137	0.1992	1.29	-0.274	8
0.1	9.25	1.8571033478	3.5105	3.5134	0.1957	1.301	-0.264	8
0.1	9.25	1.8571068048	3.5127	3.5131	0.1921	1.311	-0.254	8
0.1	9.25	1.8571103811	3.5149	3.5128	0.1885	1.322	-0.244	8
0.1	9.25	1.8571139574	3.5171	3.5125	0.185	1.332	-0.235	8
0.1	9.25	1.8571175337	3.5194	3.5122	0.1814	1.343	-0.225	8
0.1	9.25	1.85712111	3.5216	3.5119	0.1778	1.354	-0.215	8
0.1	9.25	1.8571246862	3.5238	3.5116	0.1743	1.364	-0.205	8
0.1	9.25	1.8571282625	3.526	3.5113	0.1707	1.375	-0.195	8
0.1	9.25	1.8571318388	3.5275	3.511	0.1681	1.383	-0.188	8
0.1	9.25	1.8571354151	3.529	3.5108	0.1656	1.391	-0.18	8
0.1	9.25	1.8571389914	3.5305	3.5106	0.163	1.399	-0.173	8
0.1	9.25	1.8571424484	3.532	3.5104	0.1605	1.407	-0.165	8
0.1	9.25	1.8571460247	3.5335	3.5101	0.1579	1.415	-0.157	8
0.1	9.25	1.857149601	3.535	3.5099	0.1554	1.424	-0.15	8
0.1	9.25	1.8571531773	3.5365	3.5097	0.1528	1.431	-0.142	8
0.1	9.25	1.8571567535	3.538	3.5095	0.1503	1.439	-0.135	8
0.1	9.25	1.8571603298	3.5395	3.5092	0.1478	1.447	-0.128	8
0.1	9.25	1.8571637869	3.541	3.509	0.1452	1.455	-0.12	8
0.1	9.25	1.8571673632	3.5425	3.5088	0.1427	1.463	-0.113	8
0.1	9.25	1.8571709394	3.544	3.5086	0.1401	1.471	-0.105	8
0.1	9.25	1.8571745157	3.5454	3.5083	0.1376	1.479	-0.098	8
0.1	9.25	1.857178092	3.5469	3.5081	0.135	1.487	-0.09	8
0.1	9.25	1.8571816683	3.5484	3.5079	0.1325	1.496	-0.082	8
0.1	9.25	1.8571852446	3.5499	3.5077	0.1299	1.504	-0.075	8
0.1	9.25	1.8571887016	3.5514	3.5074	0.1274	1.512	-0.067	8
0.1	9.25	1.8571922779	3.5529	3.5072	0.1248	1.52	-0.06	8
0.1	9.25	1.8571958542	3.5544	3.507	0.1223	1.528	-0.052	8
0.1	9.25	1.8571994305	3.5559	3.5068	0.1197	1.536	-0.044	8
0.1	9.25	1.8572030067	3.5574	3.5065	0.1172	1.544	-0.037	8
0.1	9.25	1.857206583	3.5589	3.5063	0.1146	1.553	-0.029	8
0.1	9.25	1.8572100401	3.5604	3.5061	0.1121	1.561	-0.021	8
0.1	9.25	1.8572136164	3.5619	3.5059	0.1095	1.569	-0.013	8
0.1	9.25	1.8572171926	3.5634	3.5057	0.107	1.577	-0.006	8
0.1	9.25	1.8572207689	3.5649	3.5054	0.1044	1.586	0.002	8
0.1	9.25	1.8572247028	3.5667	3.5051	0.1012	1.596	0.012	8
0.1	9.25	1.857228756	3.5686	3.5049	0.098	1.607	0.022	8
0.1	9.25	1.8572326899	3.5704	3.5046	0.0949	1.618	0.033	8
0.1	9.25	1.8572366238	3.5722	3.5043	0.0917	1.629	0.043	8
0.1	9.25	1.8572405577	3.5741	3.504	0.0885	1.64	0.053	8
0.1	9.25	1.8572446108	3.5759	3.5037	0.0853	1.651	0.063	8
0.1	9.25	1.8572485447	3.5777	3.5034	0.0821	1.662	0.074	8
0.1	9.25	1.8572524786	3.5796	3.5031	0.0789	1.673	0.084	8
0.1	9.25	1.8572564125	3.5814	3.5028	0.0757	1.684	0.094	8
0.1	9.25	1.8572604656	3.5832	3.5026	0.0725	1.695	0.105	8
0.1	9.25	1.8572643995	3.5851	3.5023	0.0693	1.706	0.115	8
0.1	9.25	1.8572683334	3.5869	3.502	0.0661	1.717	0.126	8
0.1	9.25	1.8572723866	3.5887	3.5017	0.0629	1.728	0.136	8
0.1	9.25	1.8572763205	3.5906	3.5014	0.0597	1.739	0.147	8
0.1	9.25	1.8572802544	3.5924	3.5011	0.0565	1.75	0.157	8
0.1	9.25	1.8572841883	3.5942	3.5008	0.0533	1.762	0.168	8
0.1	9.25	1.8572882414	3.5961	3.5006	0.0502	1.773	0.179	8
0.1	9.25	1.8572921753	3.5979	3.5003	0.047	1.784	0.189	8
0.1	9.25	1.8572961092	3.5997	3.5	0.0438	1.795	0.2	8
0.1	9.25	1.8573000431	3.6016	3.4997	0.0406	1.806	0.21	8
0.1	9.25	1.8573040962	3.6034	3.4994	0.0374	1.817	0.22	8
0.1	9.25	1.8573080301	3.6052	3.4991	0.0342	1.827	0.23	8
0.1	9.25	1.857311964	3.6071	3.4988	0.031	1.838	0.241	8
0.1	9.25	1.8573158979	3.6089	3.4986	0.0278	1.848	0.251	8
0.1	9.25	1.8573199511	3.6107	3.4983	0.0246	1.859	0.261	8
0.1	9.25	1.857323885	3.6126	3.498	0.0214	1.87	0.272	8
0.1	9.25	1.8573266268	3.6137	3.4978	0.0193	1.878	0.279	8
0.1	9.25	1.8573292494	3.6149	3.4976	0.0172	1.885	0.286	8
0.1	9.25	1.8573319912	3.616	3.4974	0.0151	1.893	0.294	8
0.1	9.25	1.8573346138	3.6171	3.4972	0.013	1.9	0.301	8
0.1	9.25	1.8573373556	3.6183	3.497	0.0109	1.908	0.309	8
0.1	9.25	1.8573399782	3.6194	3.4968	0.0088	1.916	0.316	8
0.1	9.25	1.85734272	3.6206	3.4966	0.0067	1.923	0.324	8
0.1	9.25	1.8573454618	3.6217	3.4964	0.0047	1.931	0.331	8
0.1	9.25	1.8573480844	3.6228	3.4962	0.0026	1.939	0.338	8
0.1	9.25	1.8573508263	3.624	3.496	0.0005	1.947	0.346	8
0.1	9.25	1.8573534489	3.6251	3.4958	-0.0016	1.953	0.353	8
0.1	9.25	1.8573561907	3.6263	3.4957	-0.0037	1.96	0.361	8
0.1	9.25	1.8573589325	3.6274	3.4955	-0.0058	1.966	0.368	8
0.1	9.25	1.8573615551	3.6285	3.4953	-0.0079	1.972	0.376	8
0.1	9.25	1.8573642969	3.6297	3.4951	-0.01	1.978	0.383	8
0.1	9.25	1.8573669195	3.6308	3.4949	-0.0121	1.985	0.391	8
0.1	9.25	1.8573696613	3.632	3.4947	-0.0142	1.991	0.398	8
0.1	9.25	1.8573722839	3.6331	3.4945	-0.0163	1.997	0.405	8
0.1	9.25	1.8573750257	3.6342	3.4943	-0.0184	2.003	0.412	8
0.1	9.25	1.8573777676	3.6354	3.4941	-0.0205	2.009	0.42	8
0.1	9.25	1.8573803902	3.6365	3.4939	-0.0226	2.015	0.427	8
0.1	9.25	1.857383132	3.6377	3.4937	-0.0247	2.021	0.434	8
0.1	9.25	1.8573857546	3.6388	3.4935	-0.0268	2.027	0.441	8
0.1	9.25	1.8573884964	3.6399	3.4933	-0.0289	2.033	0.448	8
0.1	9.25	1.857391119	3.6411	3.4931	-0.031	2.039	0.455	8
0.1	9.25	1.8573938608	3.6422	3.4929	-0.0331	2.044	0.462	8
0.1	9.25	1.8573964834	3.6433	3.4927	-0.0352	2.051	0.469	8
0.1	9.25	1.857399106	3.6444	3.4925	-0.0373	2.057	0.477	8
0.1	9.25	1.8574018478	3.6455	3.4923	-0.0394	2.063	0.484	8
0.1	9.25	1.8574044704	3.6466	3.4921	-0.0415	2.069	0.491	8
0.1	9.25	1.857407093	3.6477	3.4919	-0.0436	2.075	0.498	8
0.1	9.25	1.8574097157	3.6488	3.4917	-0.0457	2.08	0.505	8
0.1	9.25	1.8574123383	3.6499	3.4915	-0.0477	2.086	0.512	8
0.1	9.25	1.8574150801	3.651	3.4913	-0.0498	2.092	0.519	8
0.1	9.25	1.8574177027	3.6522	3.4911	-0.0519	2.098	0.526	8
0.1	9.25	1.8574203253	3.6533	3.491	-0.054	2.104	0.533	8
0.1	9.25	1.8574229479	3.6544	3.4908	-0.0561	2.109	0.54	8
0.1	9.25	1.8574255705	3.6555	3.4906	-0.0582	2.115	0.547	8
0.1	9.25	1.8574283123	3.6566	3.4904	-0.0603	2.121	0.553	8
0.1	9.25	1.8574309349	3.6577	3.4902	-0.0624	2.126	0.56	8
0.1	9.25	1.8574335575	3.6588	3.49	-0.0645	2.132	0.566	8
0.1	9.25	1.8574361801	3.6599	3.4898	-0.0666	2.135	0.57	8
0.1	9.25	1.8574388027	3.661	3.4896	-0.0687	2.137	0.574	8
0.1	9.25	1.8574414253	3.6621	3.4894	-0.0708	2.14	0.578	8
0.1	9.25	1.8574441671	3.6632	3.4892	-0.0729	2.143	0.581	8
0.1	9.25	1.8574467897	3.6643	3.489	-0.075	2.146	0.585	8
0.1	9.25	1.8574494123	3.6654	3.4888	-0.0771	2.149	0.589	8
0.1	9.25	1.857452035	3.6665	3.4886	-0.0792	2.152	0.592	8
0.1	9.25	1.8574546576	3.6676	3.4884	-0.0813	2.154	0.596	8
0.1	9.25	1.8574573994	3.6687	3.4882	-0.0834	2.157	0.599	8
0.1	9.25	1.857460022	3.6698	3.488	-0.0855	2.16	0.603	8
0.1	9.25	1.8574626446	3.6709	3.4878	-0.0876	2.162	0.606	8
0.1	9.25	1.8574653864	3.6716	3.4876	-0.089	2.164	0.609	8
0.1	9.25	1.8574681282	3.6722	3.4875	-0.0905	2.167	0.612	8
0.1	9.25	1.85747087	3.6729	3.4874	-0.0919	2.169	0.614	8
0.1	9.25	1.8574736118	3.6735	3.4872	-0.0934	2.171	0.617	8
0.1	9.25	1.8574763536	3.6742	3.4871	-0.0949	2.173	0.62	8
0.1	9.25	1.8574790955	3.6748	3.4869	-0.0963	2.175	0.622	8
0.1	9.25	1.8574818373	3.6755	3.4868	-0.0978	2.177	0.625	8
0.1	9.25	1.8574845791	3.6761	3.4867	-0.0992	2.179	0.628	8
0.1	9.25	1.8574873209	3.6768	3.4865	-0.1007	2.181	0.63	8
0.1	9.25	1.8574900627	3.6774	3.4864	-0.1021	2.183	0.633	8
0.1	9.25	1.8574928045	3.6781	3.4862	-0.1036	2.185	0.635	8
0.1	9.25	1.8574955463	3.6787	3.4861	-0.105	2.187	0.638	8
0.1	9.25	1.8574982882	3.6794	3.486	-0.1065	2.189	0.641	8
0.1	9.25	1.85750103	3.68	3.4858	-0.108	2.191	0.643	8
0.1	9.25	1.8575037718	3.6807	3.4857	-0.1094	2.193	0.646	8
0.1	9.25	1.8575065136	3.6813	3.4855	-0.1109	2.195	0.648	8
0.1	9.25	1.8575092554	3.682	3.4854	-0.1123	2.197	0.651	8
0.1	9.25	1.8575119972	3.6826	3.4853	-0.1138	2.199	0.653	8
0.1	9.25	1.857514739	3.6833	3.4851	-0.1152	2.201	0.656	8
0.1	9.25	1.8575174809	3.6839	3.485	-0.1167	2.203	0.658	8
0.1	9.25	1.8575202227	3.6846	3.4848	-0.1182	2.205	0.66	8
0.1	9.25	1.8575229645	3.6852	3.4847	-0.1196	2.207	0.663	8
0.1	9.25	1.8575257063	3.6859	3.4846	-0.1211	2.209	0.665	8
0.1	9.25	1.8575284481	3.6865	3.4844	-0.1225	2.21	0.668	8
0.1	9.25	1.8575311899	3.6872	3.4843	-0.124	2.212	0.67	8
0.1	9.25	1.8575339317	3.6878	3.4841	-0.1254	2.214	0.672	8
0.1	9.25	1.8575364351	3.6889	3.4839	-0.1276	2.216	0.676	8
0.1	9.25	1.8575389385	3.69	3.4837	-0.1298	2.219	0.679	8
0.1	9.25	1.8575414419	3.6911	3.4835	-0.132	2.221	0.682	8
0.1	9.25	1.8575439453	3.6921	3.4833	-0.1342	2.224	0.685	8
0.1	9.25	1.8575464487	3.6932	3.4831	-0.1363	2.226	0.688	8
0.1	9.25	1.8575489521	3.6943	3.4829	-0.1385	2.228	0.692	8
0.1	9.25	1.8575514555	3.6954	3.4827	-0.1407	2.23	0.695	8
0.1	9.25	1.8575539589	3.6965	3.4824	-0.1429	2.233	0.698	8
0.1	9.25	1.8575564623	3.6975	3.4822	-0.1451	2.235	0.701	8
0.1	9.25	1.8575589657	3.6986	3.482	-0.1472	2.237	0.704	8
0.1	9.25	1.8575614691	3.6997	3.4818	-0.1494	2.239	0.706	8
0.1	9.25	1.8575639725	3.7008	3.4816	-0.1516	2.241	0.709	8
0.1	9.25	1.8575665951	3.7018	3.4814	-0.1538	2.243	0.712	8
0.1	9.25	1.8575690985	3.7029	3.4812	-0.156	2.245	0.715	8
0.1	9.25	1.8575716019	3.704	3.481	-0.1582	2.247	0.718	8
0.1	9.25	1.8575741053	3.7051	3.4807	-0.1603	2.249	0.72	8
0.1	9.25	1.8575766087	3.7062	3.4805	-0.1625	2.251	0.723	8
0.1	9.25	1.8575791121	3.7072	3.4803	-0.1647	2.253	0.726	8
0.1	9.25	1.8575816154	3.7083	3.4801	-0.1669	2.254	0.728	8
0.1	9.25	1.8575841188	3.7094	3.4799	-0.1691	2.256	0.73	8
0.1	9.25	1.8575866222	3.7105	3.4797	-0.1713	2.256	0.731	8
0.1	9.25	1.8575891256	3.7115	3.4795	-0.1734	2.256	0.732	8
0.1	9.25	1.857591629	3.7126	3.4793	-0.1756	2.257	0.733	8
0.1	9.25	1.8575941324	3.7137	3.479	-0.1778	2.257	0.734	8
0.1	9.25	1.8575966358	3.7148	3.4788	-0.18	2.258	0.734	8
0.1	9.25	1.8575991392	3.7159	3.4786	-0.1822	2.258	0.735	8
0.1	9.25	1.8576016426	3.7166	3.4785	-0.1839	2.259	0.736	8
0.1	9.25	1.8576040268	3.7173	3.4783	-0.1855	2.259	0.737	8
0.1	9.25	1.8576065302	3.7181	3.4781	-0.1872	2.26	0.737	8
0.1	9.25	1.8576090336	3.7188	3.478	-0.1889	2.26	0.738	8
0.1	9.25	1.8576114178	3.7195	3.4778	-0.1906	2.26	0.739	8
0.1	9.25	1.8576139212	3.7203	3.4776	-0.1923	2.261	0.74	8
0.1	9.25	1.8576164246	3.721	3.4775	-0.194	2.261	0.74	8
0.1	9.25	1.8576188087	3.7217	3.4773	-0.1957	2.262	0.741	8
0.1	9.25	1.8576213121	3.7225	3.4771	-0.1973	2.262	0.742	8
0.1	9.25	1.8576238155	3.7232	3.477	-0.199	2.262	0.742	8
0.1	9.25	1.8576261997	3.7239	3.4768	-0.2007	2.263	0.743	8
0.1	9.25	1.8576287031	3.7247	3.4766	-0.2024	2.263	0.744	8
0.1	9.25	1.8576312065	3.7254	3.4765	-0.2041	2.263	0.744	8
0.1	9.25	1.8576335907	3.7261	3.4763	-0.2058	2.264	0.745	8
0.1	9.25	1.8576360941	3.7269	3.4761	-0.2075	2.264	0.746	8
0.1	9.25	1.8576384783	3.7276	3.476	-0.2092	2.264	0.746	8
0.1	9.25	1.8576409817	3.7283	3.4758	-0.2108	2.264	0.747	8
0.1	9.25	1.8576434851	3.7291	3.4756	-0.2125	2.265	0.747	8
0.1	9.25	1.8576458693	3.7298	3.4755	-0.2142	2.265	0.748	8
0.1	9.25	1.8576483727	3.7305	3.4753	-0.2159	2.265	0.748	8
0.1	9.25	1.857650876	3.7313	3.4751	-0.2176	2.265	0.749	8
0.1	9.25	1.8576532602	3.732	3.475	-0.2193	2.265	0.749	8
0.1	9.25	1.8576557636	3.7328	3.4748	-0.221	2.265	0.75	8
0.1	9.25	1.857658267	3.7335	3.4747	-0.2227	2.265	0.75	8
0.1	9.25	1.8576606512	3.7342	3.4745	-0.2244	2.265	0.75	8
0.1	9.25	1.8576631546	3.735	3.4743	-0.226	2.265	0.751	8
0.1	9.25	1.8576654196	3.7358	3.4741	-0.2279	2.266	0.751	8
0.1	9.25	1.8576675653	3.7366	3.4739	-0.2298	2.266	0.752	8
0.1	9.25	1.8576698303	3.7374	3.4738	-0.2317	2.266	0.752	8
0.1	9.25	1.8576720953	3.7383	3.4736	-0.2336	2.266	0.753	8
0.1	9.25	1.8576743603	3.7391	3.4734	-0.2355	2.266	0.753	8
0.1	9.25	1.857676506	3.7399	3.4732	-0.2374	2.266	0.753	8
0.1	9.25	1.857678771	3.7408	3.473	-0.2393	2.266	0.754	8
0.1	9.25	1.857681036	3.7416	3.4728	-0.2412	2.266	0.754	8
0.1	9.25	1.857683301	3.7424	3.4726	-0.2431	2.266	0.755	8
0.1	9.25	1.8576854467	3.7433	3.4724	-0.245	2.266	0.755	8
0.1	9.25	1.8576877117	3.7441	3.4722	-0.2469	2.266	0.755	8
0.1	9.25	1.8576899767	3.7449	3.472	-0.2488	2.265	0.755	8
0.1	9.25	1.8576922417	3.7458	3.4718	-0.2507	2.265	0.756	8
0.1	9.25	1.8576943874	3.7466	3.4717	-0.2526	2.265	0.756	8
0.1	9.25	1.8576966524	3.7474	3.4715	-0.2545	2.265	0.756	8
0.1	9.25	1.8576989174	3.7482	3.4713	-0.2564	2.265	0.756	8
0.1	9.25	1.8577010632	3.7491	3.4711	-0.2583	2.264	0.756	8
0.1	9.25	1.8577033281	3.7499	3.4709	-0.2602	2.264	0.756	8
0.1	9.25	1.8577055931	3.7507	3.4707	-0.2621	2.264	0.757	8
0.1	9.25	1.8577078581	3.7516	3.4705	-0.264	2.263	0.757	8
0.1	9.25	1.8577100039	3.7524	3.4703	-0.2659	2.263	0.757	8
0.1	9.25	1.8577122688	3.7532	3.4701	-0.2678	2.263	0.757	8
0.1	9.25	1.8577145338	3.7541	3.4699	-0.2697	2.262	0.756	8
0.1	9.25	1.8577167988	3.7549	3.4698	-0.2716	2.261	0.756	8
0.1	9.25	1.8577189445	3.7557	3.4696	-0.2735	2.26	0.755	8
0.1	9.25	1.8577212095	3.7566	3.4694	-0.2754	2.258	0.754	8
0.1	9.25	1.8577233553	3.7574	3.4692	-0.2775	2.257	0.753	8
0.1	9.25	1.8577255011	3.7583	3.4689	-0.2796	2.256	0.752	8
0.1	9.25	1.857727766	3.7592	3.4687	-0.2817	2.254	0.752	8
0.1	9.25	1.8577299118	3.7601	3.4685	-0.2837	2.253	0.751	8
0.1	9.25	1.8577320576	3.7609	3.4683	-0.2858	2.252	0.75	8
0.1	9.25	1.8577342033	3.7618	3.4681	-0.2879	2.25	0.749	8
0.1	9.25	1.8577364683	3.7627	3.4679	-0.29	2.249	0.748	8
0.1	9.25	1.8577386141	3.7636	3.4677	-0.2921	2.247	0.747	8
0.1	9.25	1.8577407598	3.7645	3.4675	-0.2942	2.246	0.746	8
0.1	9.25	1.8577429056	3.7653	3.4673	-0.2962	2.244	0.745	8
0.1	9.25	1.8577451706	3.7662	3.467	-0.2983	2.243	0.744	8
0.1	9.25	1.8577473164	3.7671	3.4668	-0.3004	2.241	0.743	8
0.1	9.25	1.8577494621	3.768	3.4666	-0.3025	2.24	0.742	8
0.1	9.25	1.8577516079	3.7688	3.4664	-0.3046	2.238	0.741	8
0.1	9.25	1.8577537537	3.7697	3.4662	-0.3067	2.237	0.74	8
0.1	9.25	1.8577560186	3.7706	3.466	-0.3087	2.235	0.739	8
0.1	9.25	1.8577581644	3.7715	3.4658	-0.3108	2.233	0.737	8
0.1	9.25	1.8577603102	3.7724	3.4656	-0.3129	2.232	0.736	8
0.1	9.25	1.8577624559	3.7732	3.4653	-0.315	2.23	0.735	8
0.1	9.25	1.8577647209	3.7741	3.4651	-0.3171	2.228	0.734	8
0.1	9.25	1.8577668667	3.775	3.4649	-0.3192	2.226	0.733	8
0.1	9.25	1.8577690125	3.7759	3.4647	-0.3213	2.225	0.731	8
0.1	9.25	1.8577711582	3.7768	3.4645	-0.3233	2.223	0.73	8
0.1	9.25	1.8577734232	3.7776	3.4643	-0.3254	2.221	0.729	8
0.1	9.25	1.857775569	3.7785	3.4641	-0.3275	2.219	0.728	8
0.1	9.25	1.8577777147	3.7794	3.4639	-0.3296	2.217	0.726	8
0.1	9.25	1.8577797413	3.7802	3.4636	-0.332	2.216	0.725	8
0.1	9.25	1.8577817678	3.781	3.4634	-0.3344	2.214	0.725	8
0.1	9.25	1.8577839136	3.7818	3.4631	-0.3368	2.213	0.724	8
0.1	9.25	1.8577859402	3.7826	3.4628	-0.3392	2.211	0.723	8
0.1	9.25	1.8577879667	3.7834	3.4626	-0.3416	2.21	0.722	8
0.1	9.25	1.8577899933	3.7841	3.4623	-0.344	2.208	0.721	8
0.1	9.25	1.8577921391	3.7849	3.4621	-0.3464	2.206	0.72	8
0.1	9.25	1.8577941656	3.7857	3.4618	-0.3488	2.205	0.719	8
0.1	9.25	1.8577961922	3.7865	3.4616	-0.3512	2.203	0.718	8
0.1	9.25	1.8577982187	3.7873	3.4613	-0.3536	2.201	0.717	8
0.1	9.25	1.8578003645	3.7881	3.4611	-0.356	2.199	0.716	8
0.1	9.25	1.8578023911	3.7889	3.4608	-0.3584	2.198	0.714	8
0.1	9.25	1.8578044176	3.7897	3.4605	-0.3608	2.196	0.713	8
0.1	9.25	1.8578064442	3.7905	3.4603	-0.3632	2.194	0.712	8
0.1	9.25	1.8578084707	3.7913	3.46	-0.3656	2.192	0.711	8
0.1	9.25	1.8578106165	3.7921	3.4598	-0.368	2.189	0.709	8
0.1	9.25	1.8578126431	3.7929	3.4595	-0.3704	2.185	0.707	8
0.1	9.25	1.8578146696	3.7937	3.4593	-0.3728	2.182	0.704	8
0.1	9.25	1.8578166962	3.7945	3.459	-0.3752	2.179	0.702	8
0.1	9.25	1.8578188419	3.7953	3.4587	-0.3776	2.175	0.7	8
0.1	9.25	1.8578208685	3.7961	3.4585	-0.38	2.172	0.698	8
0.1	9.25	1.8578228951	3.7968	3.4582	-0.3824	2.168	0.696	8
0.1	9.25	1.8578249216	3.7976	3.458	-0.3848	2.165	0.693	8
0.1	9.25	1.8578270674	3.7984	3.4577	-0.3872	2.161	0.691	8
0.1	9.25	1.8578290939	3.7992	3.4575	-0.3896	2.158	0.689	8
0.1	9.25	1.8578311205	3.8	3.4572	-0.3921	2.154	0.687	8
0.1	9.25	1.8578330278	3.8008	3.4566	-0.3969	2.15	0.685	8
0.1	9.25	1.8578349352	3.8015	3.4561	-0.4017	2.145	0.683	8
0.1	9.25	1.8578368425	3.8022	3.4555	-0.4066	2.141	0.681	8
0.1	9.25	1.8578388691	3.803	3.4549	-0.4115	2.136	0.679	8
0.1	9.25	1.8578407764	3.8037	3.4544	-0.4164	2.131	0.677	8
0.1	9.25	1.8578426838	3.8045	3.4538	-0.4212	2.126	0.674	8
0.1	9.25	1.8578445911	3.8052	3.4532	-0.4261	2.121	0.672	8
0.1	9.25	1.8578464985	3.8059	3.4527	-0.431	2.116	0.67	8
0.1	9.25	1.8578484058	3.8067	3.4521	-0.4359	2.111	0.667	8
0.1	9.25	1.8578504324	3.8074	3.4515	-0.4408	2.106	0.665	8
0.1	9.25	1.8578523397	3.8081	3.451	-0.4458	2.1	0.662	8
0.1	9.25	1.8578542471	3.8089	3.4504	-0.4507	2.095	0.659	8
0.1	9.25	1.8578561544	3.8096	3.4498	-0.4556	2.089	0.657	8
0.1	9.25	1.8578580618	3.8104	3.4493	-0.4606	2.083	0.654	8
0.1	9.25	1.8578599691	3.8111	3.4487	-0.4656	2.077	0.652	8
0.1	9.25	1.8578618765	3.8118	3.4481	-0.4705	2.07	0.649	8
0.1	9.25	1.857863903	3.8126	3.4475	-0.4755	2.064	0.646	8
0.1	9.25	1.8578658104	3.8133	3.447	-0.4805	2.057	0.644	8
0.1	9.25	1.8578677177	3.814	3.4464	-0.4855	2.051	0.641	8
0.1	9.25	1.8578696251	3.8148	3.4458	-0.4905	2.044	0.638	8
0.1	9.25	1.8578715324	3.8155	3.4453	-0.4955	2.037	0.636	8
0.1	9.25	1.8578734398	3.8163	3.4447	-0.5005	2.032	0.633	8
0.1	9.25	1.8578754663	3.817	3.4441	-0.5055	2.035	0.638	8
0.1	9.25	1.8578773737	3.8177	3.4436	-0.5106	2.038	0.642	8
0.1	9.25	1.857879281	3.8185	3.443	-0.5156	2.042	0.647	8
0.1	9.25	1.8578811884	3.8192	3.4424	-0.5207	2.045	0.651	8
0.1	9.25	1.8578829765	3.8198	3.4424	-0.5265	2.044	0.649	8
0.1	9.25	1.8578847647	3.8204	3.4425	-0.5323	2.042	0.648	8
0.1	9.25	1.8578865528	3.8211	3.4425	-0.5382	2.04	0.646	8
0.1	9.25	1.857888341	3.8217	3.4425	-0.5442	2.039	0.644	8
0.1	9.25	1.8578901291	3.8223	3.4425	-0.5503	2.037	0.643	8
0.1	9.25	1.8578919172	3.8229	3.4425	-0.5564	2.035	0.641	8
0.1	9.25	1.8578937054	3.8235	3.4425	-0.5626	2.034	0.639	8
0.1	9.25	1.8578954935	3.8241	3.4426	-0.5688	2.032	0.637	8
0.1	9.25	1.8578972816	3.8247	3.4426	-0.5752	2.03	0.636	8
0.1	9.25	1.8578990698	3.8253	3.4426	-0.5816	2.029	0.634	8
0.1	9.25	1.8579008579	3.826	3.4426	-0.5881	2.027	0.632	8
0.1	9.25	1.8579026461	3.8266	3.4426	-0.5947	2.025	0.631	8
0.1	9.25	1.8579044342	3.8272	3.4426	-0.6013	2.024	0.629	8
0.1	9.25	1.8579062223	3.8278	3.4427	-0.6081	2.022	0.627	8
0.1	9.25	1.8579080105	3.8284	3.4427	-0.6149	2.02	0.626	8
0.1	9.25	1.8579097986	3.829	3.4427	-0.6219	2.019	0.624	8
0.1	9.25	1.8579115868	3.8296	3.4427	-0.6289	2.017	0.622	8
0.1	9.25	1.8579133749	3.8302	3.4427	-0.636	2.015	0.62	8
0.1	9.25	1.857915163	3.8309	3.4427	-0.6433	2.014	0.619	8
0.1	9.25	1.8579169512	3.8315	3.4427	-0.6506	2.012	0.617	8
0.1	9.25	1.8579187393	3.8321	3.4428	-0.6581	2.01	0.615	8
0.1	9.25	1.8579205275	3.8327	3.4428	-0.6656	2.009	0.614	8
0.1	9.25	1.8579223156	3.8333	3.4428	-0.6733	2.007	0.612	8
0.1	9.25	1.8579241037	3.8339	3.4428	-0.6811	2.005	0.61	8
0.1	9.25	1.8579258919	3.8345	3.4428	-0.689	2.003	0.608	8
0.1	9.25	1.85792768	3.8351	3.4428	-0.697	2.002	0.607	8
0.1	9.25	1.8579287529	3.8348	3.4474	-0.6846	1.96	0.558	8
0.1	9.25	1.857929945	3.8344	3.4519	-0.6722	1.918	0.511	8
0.1	9.25	1.8579310179	3.834	3.4564	-0.66	1.873	0.466	8
0.1	9.25	1.85793221	3.8337	3.461	-0.6478	1.826	0.42	8
0.1	9.25	1.8579332829	3.8333	3.4655	-0.6358	1.764	0.367	8
0.1	9.25	1.8579344749	3.8329	3.47	-0.6238	1.703	0.314	8
0.1	9.25	1.8579355478	3.8325	3.4745	-0.6119	1.629	0.251	8
0.1	9.25	1.8579366207	3.8322	3.4791	-0.6002	1.556	0.187	8
0.1	9.25	1.8579378128	3.8318	3.4836	-0.5885	1.468	0.107	8
0.1	9.25	1.8579388857	3.8314	3.4881	-0.577	1.377	0.021	8
0.1	9.25	1.8579400778	3.831	3.4927	-0.5655	1.252	-0.101	8
0.1	9.25	1.8579411507	3.8307	3.4972	-0.5542	1.104	-0.249	8
0.1	9.25	1.8579423428	3.8303	3.5017	-0.543	0.944	-0.409	8
0.1	9.25	1.8579434156	3.8299	3.5063	-0.5319	0.768	-0.588	8
0.1	9.25	1.8579444885	3.8295	3.5108	-0.521	0.587	-0.772	8
0.1	9.25	1.8579456806	3.8292	3.5153	-0.5102	0.384	-0.981	8
0.1	9.25	1.8579467535	3.8288	3.5198	-0.4995	0.18	-1.19	8
0.1	9.25	1.8579479456	3.8284	3.5244	-0.489	-0.053	-1.443	8
0.1	9.25	1.8579490185	3.828	3.5289	-0.4786	-0.289	-1.698	8
0.1	9.25	1.8579500914	3.8277	3.5334	-0.4684	-0.491	-1.927	8
0.1	9.25	1.8579512835	3.8273	3.538	-0.4583	-0.683	-2.148	8
0.1	9.25	1.8579523563	3.8269	3.5425	-0.4484	-0.854	-2.351	8
0.1	9.25	1.8579535484	3.8265	3.547	-0.4387	-1.008	-2.539	8
0.1	9.25	1.8579546213	3.8262	3.5516	-0.4291	-1.15	-2.714	8
0.1	9.25	1.8579558134	3.8258	3.5561	-0.4198	-1.27	-2.866	8
0.1	9.25	1.8579568863	3.8254	3.5606	-0.4106	-1.385	-3.013	8
