# File generated by 'createIsoFiles.py' on Fri Nov 24 15:30:52 2017.
# Content of file: isochrone table with t = 1.68Gyr, [Fe/H] = 0.2.
# Isochrone tables in this file have been created by
# on the basis of PARSEC isochrones.
# NOTE: templates with M < 0.1 Msun have been.
# removed (considered below LMCO).
# -----------------------------------------------------------------
# FeH	log(age/yr)	M_ini	logL/Lo	logTeff	logg	 B	 V	 stage
0.2	9.225	0.1091778353	-3.1647	3.3859	5.1366	20.432	18.545	0
0.2	9.225	0.1134031564	-3.1164	3.3917	5.1277	20.079	18.218	1
0.2	9.225	0.1291778386	-2.9496	3.4114	5.0963	18.866	17.094	1
0.2	9.225	0.1491778344	-2.7839	3.4296	5.0659	17.722	16.028	1
0.2	9.225	0.178355664	-2.6026	3.4478	5.0352	16.636	15.023	1
0.2	9.225	0.2229445875	-2.3953	3.4654	4.9951	15.57	14.013	1
0.2	9.225	0.2729445696	-2.2122	3.48	4.9584	14.714	13.2	1
0.2	9.225	0.3177061379	-2.0664	3.4903	4.9198	14.095	12.599	1
0.2	9.225	0.3229445815	-2.0517	3.4916	4.9171	14.032	12.539	0
0.2	9.225	0.3729445934	-1.9023	3.5019	4.8717	13.437	11.977	0
0.2	9.225	0.4351767898	-1.7187	3.5174	4.8169	12.688	11.261	0
0.2	9.225	0.4499999881	-1.6792	3.5207	4.8053	12.532	11.11	0
0.2	9.225	0.5	-1.5317	3.5341	4.7572	11.953	10.563	0
0.2	9.225	0.5102609396	-1.4992	3.5376	4.7473	11.821	10.438	1
0.2	9.225	0.5500000119	-1.3789	3.5506	4.7115	11.338	9.973	1
0.2	9.225	0.6000000238	-1.2226	3.5715	4.6767	10.668	9.306	1
0.2	9.225	0.6255728602	-1.1402	3.5849	4.6662	10.295	8.941	1
0.2	9.225	0.6499999762	-1.0643	3.5973	4.6565	9.955	8.615	1
0.2	9.225	0.6849403977	-0.9559	3.6167	4.6483	9.449	8.148	1
0.2	9.225	0.6999999881	-0.9108	3.6248	4.645	9.236	7.957	1
0.2	9.225	0.75	-0.7558	3.6581	4.6533	8.414	7.264	1
0.2	9.225	0.8000000119	-0.6262	3.6768	4.6266	7.851	6.79	1
0.2	9.225	0.8500000238	-0.5005	3.6957	4.6028	7.327	6.352	1
0.2	9.225	0.8841738105	-0.4172	3.7079	4.5854	6.999	6.077	1
0.2	9.225	0.8999999762	-0.3796	3.7134	4.5775	6.856	5.956	1
0.2	9.225	0.9499999881	-0.2633	3.7296	4.5494	6.431	5.595	1
0.2	9.225	0.9809074402	-0.1931	3.7388	4.5298	6.184	5.386	1
0.2	9.225	1.0	-0.1505	3.7443	4.5177	6.038	5.263	1
0.2	9.225	1.0241385698	-0.0973	3.7507	4.5006	5.859	5.11	1
0.2	9.225	1.0499999523	-0.0412	3.7574	4.4821	5.676	4.953	1
0.2	9.225	1.0672533512	-0.004	3.7616	4.4688	5.556	4.849	1
0.2	9.225	1.1000000238	0.0653	3.7693	4.4432	5.334	4.658	1
0.2	9.225	1.1266940832	0.1209	3.7751	4.4212	5.158	4.507	1
0.2	9.225	1.1499999762	0.1687	3.7799	4.4016	5.008	4.378	1
0.2	9.225	1.2000000477	0.2689	3.7895	4.3582	4.691	4.114	1
0.2	9.225	1.25	0.3633	3.7979	4.3153	4.403	3.867	1
0.2	9.225	1.2999999523	0.453	3.8054	4.2723	4.138	3.634	1
0.2	9.225	1.3500000238	0.5378	3.8117	4.2291	3.893	3.415	1
0.2	9.225	1.37152946	0.5731	3.8142	4.2107	3.793	3.324	1
0.2	9.225	1.3999999762	0.619	3.8172	4.1857	3.663	3.206	1
0.2	9.225	1.4500000477	0.6974	3.8215	4.14	3.445	3.005	1
0.2	9.225	1.4922984838	0.7616	3.8242	4.0989	3.271	2.842	1
0.2	9.225	1.5	0.7731	3.8245	4.091	3.24	2.812	1
0.2	9.225	1.5208573341	0.8035	3.8252	4.0691	3.16	2.735	1
0.2	9.225	1.5467023849	0.8409	3.8254	4.0399	3.064	2.641	1
0.2	9.225	1.5499999523	0.8456	3.8253	4.0359	3.052	2.629	1
0.2	9.225	1.5701167583	0.8744	3.8252	4.0123	2.979	2.557	1
0.2	9.225	1.5982255936	0.9142	3.8243	3.9767	2.882	2.457	1
0.2	9.225	1.6000000238	0.9167	3.8242	3.9744	2.876	2.451	1
0.2	9.225	1.6128593683	0.9347	3.8238	3.958	2.832	2.405	1
0.2	9.225	1.6368637085	0.968	3.8222	3.9249	2.754	2.322	1
0.2	9.225	1.6499999762	0.986	3.8209	3.9052	2.714	2.278	1
0.2	9.225	1.6643217802	1.0056	3.8195	3.8836	2.67	2.23	1
0.2	9.225	1.6749999523	1.0201	3.8182	3.8667	2.64	2.194	1
0.2	9.225	1.6963933706	1.0483	3.8151	3.8317	2.582	2.126	1
0.2	9.225	1.7000000477	1.053	3.8145	3.8255	2.573	2.115	1
0.2	9.225	1.7006434202	1.0539	3.8144	3.8245	2.571	2.113	1
0.2	9.225	1.7208709717	1.08	3.811	3.7899	2.52	2.05	1
0.2	9.225	1.7250000238	1.0852	3.8102	3.7824	2.511	2.038	1
0.2	9.225	1.7435537577	1.1073	3.8057	3.7468	2.478	1.987	1
0.2	9.225	1.75	1.1147	3.804	3.7343	2.467	1.97	1
0.2	9.225	1.7615965605	1.1285	3.8011	3.7119	2.447	1.939	1
0.2	9.225	1.7749999762	1.1441	3.7977	3.6857	2.428	1.904	1
0.2	9.225	1.7917238474	1.1627	3.7925	3.6507	2.414	1.864	1
0.2	9.225	1.7999999523	1.1732	3.7901	3.6325	2.402	1.841	1
0.2	9.225	1.8146685362	1.1962	3.7868	3.5999	2.368	1.789	1
0.2	9.225	1.817009449	1.2008	3.7865	3.5946	2.358	1.778	1
0.2	9.225	1.8248558044	1.2499	3.7936	3.5756	2.186	1.643	1
0.2	9.225	1.8250000477	1.251	3.7938	3.5753	2.182	1.64	1
0.2	9.225	1.8257035017	1.2565	3.7947	3.5736	2.162	1.625	1
0.2	9.225	1.8269257545	1.2885	3.8018	3.5705	2.038	1.535	1
0.2	9.225	1.8273956776	1.3182	3.8089	3.5693	1.925	1.451	1
0.2	9.225	1.8276152611	1.3457	3.8157	3.5689	1.822	1.375	1
0.2	9.225	1.8277513981	1.3732	3.8224	3.5682	1.721	1.299	1
0.2	9.225	1.8278170824	1.3791	3.8245	3.5707	1.696	1.282	2
0.2	9.225	1.8278911114	1.3461	3.8195	3.5839	1.803	1.37	2
0.2	9.225	1.8279659748	1.3131	3.8109	3.5823	1.928	1.462	2
0.2	9.225	1.8280709982	1.3086	3.8011	3.5479	1.99	1.485	2
0.2	9.225	1.8282335997	1.3161	3.7909	3.4997	2.035	1.48	2
0.2	9.225	1.8284795284	1.3178	3.7805	3.4562	2.106	1.494	2
0.2	9.225	1.8288377523	1.3072	3.77	3.425	2.203	1.544	2
0.2	9.225	1.829297781	1.2848	3.7596	3.4058	2.324	1.625	2
0.2	9.225	1.829791069	1.2533	3.7498	3.3985	2.467	1.729	2
0.2	9.225	1.8301602602	1.2251	3.743	3.3993	2.584	1.819	2
0.2	9.225	1.8305159807	1.1957	3.7365	3.4027	2.704	1.913	2
0.2	9.225	1.830973506	1.1593	3.7283	3.4064	2.856	2.032	2
0.2	9.225	1.8314299583	1.1335	3.7204	3.4011	2.98	2.125	2
0.2	9.225	1.831885457	1.1241	3.7133	3.3818	3.062	2.178	3
0.2	9.225	1.8321053982	1.1301	3.7102	3.3638	3.072	2.175	3
0.2	9.225	1.8326545954	1.1606	3.7035	3.3064	3.056	2.13	3
0.2	9.225	1.8330843449	1.1992	3.6991	3.2503	3.0	2.054	3
0.2	9.225	1.8334591389	1.2396	3.6957	3.1963	2.932	1.969	3
0.2	9.225	1.8338018656	1.2799	3.6927	3.1443	2.86	1.883	3
0.2	9.225	1.8341286182	1.3205	3.6901	3.0933	2.784	1.795	3
0.2	9.225	1.8344451189	1.361	3.6875	3.0424	2.71	1.708	3
0.2	9.225	1.8347532749	1.4017	3.685	2.9918	2.634	1.619	3
0.2	9.225	1.8351314068	1.4511	3.682	2.9304	2.541	1.512	3
0.2	9.225	1.8355093002	1.5003	3.6791	2.87	2.447	1.405	3
0.2	9.225	1.8358867168	1.5497	3.6762	2.8089	2.355	1.299	3
0.2	9.225	1.8361884356	1.5897	3.6738	2.7596	2.281	1.214	3
0.2	9.225	1.8364899158	1.6301	3.6713	2.7092	2.206	1.128	3
0.2	9.225	1.8367886543	1.6711	3.6688	2.6582	2.132	1.041	3
0.2	9.225	1.8370739222	1.7108	3.6663	2.6083	2.062	0.959	3
0.2	9.225	1.83738482	1.7547	3.6634	2.5533	1.984	0.867	3
0.2	9.225	1.8377065659	1.8014	3.6603	2.4943	1.903	0.771	3
0.2	9.225	1.8379793167	1.8417	3.6576	2.4432	1.841	0.69	3
0.2	9.225	1.8382585049	1.8838	3.6548	2.3897	1.777	0.606	3
0.2	9.225	1.838564992	1.9308	3.6515	2.3296	1.706	0.513	3
0.2	9.225	1.8388607502	1.9766	3.6483	2.2713	1.638	0.424	3
0.2	9.225	1.839189887	2.0253	3.6448	2.2087	1.569	0.331	3
0.2	9.225	1.8395322561	2.0722	3.6414	2.1483	1.503	0.242	3
0.2	9.225	1.8400052786	2.1187	3.6381	2.0886	1.438	0.155	3
0.2	9.225	1.8401315212	2.1262	3.6376	2.0789	1.428	0.141	3
0.2	9.225	1.840542078	2.0784	3.6412	2.1412	1.492	0.229	3
0.2	9.225	1.8406840563	2.0355	3.6444	2.1971	1.551	0.309	3
0.2	9.225	1.8407988548	1.991	3.6476	2.2545	1.613	0.394	3
0.2	9.225	1.8408881426	1.9533	3.6504	2.3033	1.666	0.466	3
0.2	9.225	1.8409831524	1.9131	3.6533	2.3552	1.725	0.544	3
0.2	9.225	1.8410865068	1.8716	3.6562	2.4083	1.787	0.626	3
0.2	9.225	1.8411985636	1.8315	3.6591	2.46	1.847	0.705	3
0.2	9.225	1.8413193226	1.7957	3.6616	2.5058	1.902	0.776	3
0.2	9.225	1.841411829	1.775	3.6631	2.5324	1.937	0.819	3
0.2	9.225	1.8415609598	1.7974	3.6615	2.5038	1.899	0.773	3
0.2	9.225	1.8418030739	1.8349	3.6589	2.4561	1.84	0.697	3
0.2	9.225	1.842181921	1.8809	3.6558	2.3976	1.771	0.606	3
0.2	9.225	1.8426249027	1.9297	3.6524	2.3354	1.697	0.509	3
0.2	9.225	1.8430595398	1.9761	3.6491	2.276	1.628	0.418	3
0.2	9.225	1.843509078	2.0232	3.6458	2.2156	1.561	0.329	3
0.2	9.225	1.8439451456	2.0687	3.6425	2.1572	1.497	0.242	3
0.2	9.225	1.844378829	2.1143	3.6392	2.0985	1.433	0.156	3
0.2	9.225	1.8448092937	2.1603	3.6359	2.0391	1.371	0.071	3
0.2	9.225	1.8452187777	2.2052	3.6326	1.9811	1.312	-0.011	3
0.2	9.225	1.8456155062	2.2499	3.6292	1.9231	1.255	-0.092	3
0.2	9.225	1.8459976912	2.2948	3.6259	1.865	1.2	-0.17	3
0.2	9.225	1.8463610411	2.3393	3.6225	1.807	1.147	-0.247	3
0.2	9.225	1.8467018604	2.3831	3.6191	1.7498	1.096	-0.321	3
0.2	9.225	1.8470249176	2.4267	3.6158	1.693	1.046	-0.392	3
0.2	9.225	1.8473311663	2.4701	3.6124	1.636	0.998	-0.462	3
0.2	9.225	1.8476186991	2.513	3.609	1.5794	0.952	-0.529	3
0.2	9.225	1.8478851318	2.5551	3.6056	1.524	0.908	-0.59	3
0.2	9.225	1.8481370211	2.5972	3.6022	1.4685	0.86	-0.652	3
0.2	9.225	1.8483732939	2.6389	3.5987	1.4128	0.815	-0.708	3
0.2	9.225	1.8485935926	2.6801	3.5952	1.3578	0.772	-0.759	3
0.2	9.225	1.8487969637	2.7202	3.5919	1.3044	0.729	-0.81	3
0.2	9.225	1.8489894867	2.7605	3.5885	1.2504	0.689	-0.854	3
0.2	9.225	1.8491704464	2.8004	3.5849	1.1959	0.655	-0.888	3
0.2	9.225	1.8493378162	2.8395	3.5813	1.1427	0.622	-0.923	3
0.2	9.225	1.8494924307	2.8777	3.5779	1.0909	0.595	-0.946	3
0.2	9.225	1.8496379852	2.9154	3.5744	1.0393	0.574	-0.962	3
0.2	9.225	1.8497765064	2.953	3.5708	0.9874	0.558	-0.976	3
0.2	9.225	1.8499077559	2.9897	3.5672	0.9364	0.565	-0.978	3
0.2	9.225	1.8499635458	3.0054	3.5657	0.9145	0.569	-0.976	4
0.2	9.225	1.8518135548	1.6452	3.6783	2.7257	2.093	1.045	4
0.2	9.225	1.8537174463	1.6464	3.6785	2.7256	2.088	1.041	4
0.2	9.225	1.8556313515	1.6457	3.6788	2.728	2.087	1.041	4
0.2	9.225	1.8576101065	1.6452	3.6791	2.7301	2.085	1.04	4
0.2	9.225	1.8595654964	1.6448	3.6794	2.7321	2.082	1.04	4
0.2	9.225	1.861472249	1.6445	3.6797	2.7339	2.08	1.039	4
0.2	9.225	1.8617529869	1.6444	3.6797	2.7343	2.08	1.039	4
0.2	9.225	1.8639699221	1.6439	3.68	2.7366	2.078	1.038	4
0.2	9.225	1.8660131693	1.6435	3.6803	2.7386	2.076	1.037	4
0.2	9.225	1.868178606	1.6433	3.6806	2.7405	2.074	1.036	4
0.2	9.225	1.870424509	1.6435	3.6809	2.7418	2.07	1.034	4
0.2	9.225	1.8727999926	1.6439	3.6811	2.743	2.067	1.032	4
0.2	9.225	1.8751341105	1.6445	3.6813	2.7439	2.063	1.029	4
0.2	9.225	1.8775990009	1.6453	3.6816	2.7447	2.059	1.026	4
0.2	9.225	1.8799524307	1.6461	3.6818	2.7452	2.055	1.022	4
0.2	9.225	1.8824435472	1.6472	3.682	2.7455	2.05	1.019	4
0.2	9.225	1.8830788136	1.6475	3.682	2.7455	2.049	1.018	4
0.2	9.225	1.8848176003	1.6484	3.6822	2.7455	2.045	1.015	4
0.2	9.225	1.8874197006	1.6499	3.6824	2.7454	2.04	1.01	4
0.2	9.225	1.8899313211	1.6515	3.6825	2.745	2.034	1.005	4
0.2	9.225	1.892619729	1.6535	3.6826	2.7441	2.028	0.999	4
0.2	9.225	1.8952744007	1.6556	3.6827	2.743	2.021	0.993	4
0.2	9.225	1.8979475498	1.658	3.6828	2.7415	2.015	0.987	4
0.2	9.225	1.9007197618	1.6583	3.6829	2.7424	2.013	0.986	4
0.2	9.225	1.9145761728	1.6229	3.6848	2.7885	2.082	1.064	4
0.2	9.225	1.9249999523	1.5971	3.6862	2.8222	2.133	1.121	5
0.2	9.225	1.9254384041	1.5978	3.6862	2.8216	2.131	1.119	5
0.2	9.225	1.9398243427	1.6273	3.6855	2.7923	2.065	1.05	5
0.2	9.225	1.9492150545	1.6488	3.6847	2.7697	2.019	1.0	5
0.2	9.225	1.9500000477	1.6514	3.6845	2.7667	2.014	0.994	5
0.2	9.225	1.9521809816	1.6586	3.6841	2.7584	2.0	0.978	6
0.2	9.225	1.9617216587	1.7008	3.6814	2.7075	1.921	0.887	6
0.2	9.225	1.9661244154	1.7506	3.6774	2.6425	1.84	0.787	6
0.2	9.225	1.9674292803	1.7961	3.6735	2.5819	1.767	0.696	6
0.2	9.225	1.9680130482	1.8348	3.6703	2.5306	1.704	0.619	6
0.2	9.225	1.968393445	1.8809	3.6666	2.4697	1.635	0.528	6
0.2	9.225	1.9685794115	1.9225	3.6633	2.4148	1.575	0.446	6
0.2	9.225	1.9686980247	1.9703	3.6595	2.3519	1.506	0.353	6
0.2	9.225	1.9687722921	2.02	3.6556	2.2865	1.437	0.258	6
0.2	9.225	1.9687848091	2.0303	3.6548	2.2729	1.423	0.238	7
0.2	9.225	1.9688180685	2.0551	3.6528	2.2404	1.388	0.191	7
0.2	9.225	1.9688690901	2.0891	3.6502	2.196	1.34	0.126	7
0.2	9.225	1.9690152407	2.0938	3.6499	2.19	1.333	0.116	7
0.2	9.225	1.9694592953	2.0455	3.6537	2.2538	1.4	0.208	7
0.2	9.225	1.973107934	2.1008	3.6497	2.1831	1.319	0.1	7
0.2	9.225	1.9748358727	2.1548	3.6455	2.1129	1.246	-0.0	7
0.2	9.225	1.9759987593	2.2025	3.6418	2.0507	1.182	-0.089	7
0.2	9.225	1.9767830372	2.2473	3.6383	1.9919	1.124	-0.17	7
0.2	9.225	1.977440834	2.2952	3.6345	1.9289	1.068	-0.255	7
0.2	9.225	1.9779492617	2.3402	3.6309	1.8696	1.014	-0.334	7
0.2	9.225	1.97836411	2.3837	3.6274	1.8122	0.965	-0.408	7
0.2	9.225	1.9787093401	2.4261	3.6239	1.7559	0.918	-0.479	7
0.2	9.225	1.9789961576	2.4683	3.6205	1.7001	0.871	-0.55	7
0.2	9.225	1.9792317152	2.5108	3.617	1.6436	0.826	-0.617	7
0.2	9.225	1.9794120789	2.5509	3.6136	1.5901	0.786	-0.679	7
0.2	9.225	1.9795702696	2.594	3.61	1.5327	0.742	-0.747	7
0.2	9.225	1.9797235727	2.6445	3.6057	1.465	0.689	-0.817	7
0.2	9.225	1.9798361063	2.6867	3.6021	1.4083	0.644	-0.876	7
0.2	9.225	1.9799561501	2.7353	3.5978	1.3427	0.594	-0.938	7
0.2	9.225	1.9800645113	2.7812	3.5938	1.2805	0.549	-0.992	7
0.2	9.225	1.9801630974	2.8235	3.59	1.223	0.509	-1.042	7
0.2	9.225	1.9802694321	2.8686	3.5858	1.1614	0.472	-1.079	7
0.2	9.225	1.9803709984	2.9107	3.5819	1.1035	0.437	-1.114	7
0.2	9.225	1.9804736376	2.9518	3.5779	1.0466	0.412	-1.136	7
0.2	9.225	1.9805784225	2.9928	3.5739	0.9896	0.396	-1.149	7
0.2	9.225	1.9805825949	2.9945	3.5737	0.9873	0.396	-1.15	7
0.2	9.225	1.9805867672	2.9961	3.5736	0.9849	0.396	-1.15	7
0.2	9.225	1.9805910587	2.9978	3.5734	0.9826	0.396	-1.151	7
0.2	9.225	1.9805952311	2.9995	3.5732	0.9803	0.396	-1.151	7
0.2	9.225	1.9805994034	3.0011	3.5731	0.9779	0.396	-1.152	7
0.2	9.225	1.9806035757	3.0028	3.5729	0.9756	0.395	-1.153	7
0.2	9.225	1.9806078672	3.0045	3.5727	0.9733	0.395	-1.153	7
0.2	9.225	1.9806120396	3.0061	3.5726	0.9709	0.395	-1.154	7
0.2	9.225	1.9806162119	3.0078	3.5724	0.9686	0.395	-1.155	7
0.2	9.225	1.9806203842	3.0095	3.5722	0.9663	0.395	-1.155	7
0.2	9.225	1.9806246758	3.0111	3.5721	0.9639	0.395	-1.156	7
0.2	9.225	1.9806288481	3.0128	3.5719	0.9616	0.395	-1.157	7
0.2	9.225	1.9806330204	3.0144	3.5717	0.9593	0.395	-1.157	7
0.2	9.225	1.9806371927	3.0161	3.5716	0.9569	0.395	-1.158	7
0.2	9.225	1.9806413651	3.0178	3.5714	0.9546	0.394	-1.159	7
0.2	9.225	1.9806456566	3.0194	3.5712	0.9523	0.394	-1.159	7
0.2	9.225	1.9806498289	3.0211	3.5711	0.9499	0.394	-1.16	7
0.2	9.225	1.9806540012	3.0228	3.5709	0.9476	0.394	-1.161	7
0.2	9.225	1.9806581736	3.0244	3.5707	0.9453	0.394	-1.161	7
0.2	9.225	1.9806624651	3.0261	3.5706	0.9429	0.394	-1.162	7
0.2	9.225	1.9806666374	3.0278	3.5704	0.9406	0.394	-1.163	7
0.2	9.225	1.9806708097	3.0294	3.5702	0.9383	0.393	-1.164	7
0.2	9.225	1.9806749821	3.0311	3.5701	0.936	0.393	-1.164	7
0.2	9.225	1.9806792736	3.0328	3.5699	0.9336	0.394	-1.164	7
0.2	9.225	1.9806834459	3.0344	3.5697	0.9313	0.394	-1.164	7
0.2	9.225	1.9806876183	3.0361	3.5696	0.929	0.395	-1.164	7
0.2	9.225	1.9806916714	3.0377	3.5694	0.9267	0.395	-1.163	7
0.2	9.225	1.9806958437	3.0393	3.5692	0.9244	0.396	-1.163	7
0.2	9.225	1.9806998968	3.041	3.5691	0.9221	0.397	-1.163	7
0.2	9.225	1.9807040691	3.0426	3.5689	0.9198	0.397	-1.162	7
0.2	9.225	1.9807081223	3.0442	3.5687	0.9175	0.398	-1.162	7
0.2	9.225	1.9807121754	3.0459	3.5685	0.9152	0.399	-1.162	7
0.2	9.225	1.9807163477	3.0475	3.5684	0.9129	0.399	-1.161	7
0.2	9.225	1.9807204008	3.0491	3.5682	0.9106	0.4	-1.161	7
0.2	9.225	1.9807244539	3.0508	3.568	0.9083	0.4	-1.161	7
0.2	9.225	1.9807286263	3.0524	3.5679	0.906	0.401	-1.16	7
0.2	9.225	1.9807326794	3.054	3.5677	0.9037	0.401	-1.16	7
0.2	9.225	1.9807368517	3.0556	3.5675	0.9014	0.402	-1.16	7
0.2	9.225	1.9807409048	3.0573	3.5674	0.8991	0.403	-1.159	7
0.2	9.225	1.9807449579	3.0589	3.5672	0.8968	0.403	-1.159	7
0.2	9.225	1.9807491302	3.0605	3.567	0.8945	0.404	-1.159	7
0.2	9.225	1.9807531834	3.0622	3.5669	0.8922	0.404	-1.159	7
0.2	9.225	1.9807573557	3.0638	3.5667	0.8899	0.405	-1.158	7
0.2	9.225	1.9807614088	3.0654	3.5665	0.8876	0.405	-1.158	7
0.2	9.225	1.9807654619	3.0671	3.5664	0.8853	0.406	-1.158	7
0.2	9.225	1.9807696342	3.0687	3.5662	0.883	0.406	-1.157	7
0.2	9.225	1.9807736874	3.0703	3.566	0.8807	0.407	-1.157	7
0.2	9.225	1.9807777405	3.072	3.5659	0.8784	0.407	-1.157	7
0.2	9.225	1.9807819128	3.0736	3.5657	0.8761	0.408	-1.157	7
0.2	9.225	1.9807859659	3.0752	3.5655	0.8738	0.408	-1.157	7
0.2	9.225	1.9807901382	3.0768	3.5654	0.8715	0.409	-1.156	7
0.2	9.225	1.9807941914	3.0785	3.5652	0.8692	0.409	-1.156	7
0.2	9.225	1.9808044434	3.0828	3.5648	0.863	0.411	-1.156	7
0.2	9.225	1.9808146954	3.0871	3.5643	0.8569	0.412	-1.155	7
0.2	9.225	1.9808250666	3.0915	3.5639	0.8508	0.413	-1.155	7
0.2	9.225	1.9808353186	3.0958	3.5634	0.8447	0.414	-1.154	7
0.2	9.225	1.9808455706	3.1001	3.563	0.8386	0.415	-1.154	7
0.2	9.225	1.9808558226	3.1044	3.5625	0.8325	0.416	-1.154	7
0.2	9.225	1.9808661938	3.1088	3.5621	0.8263	0.417	-1.153	7
0.2	9.225	1.9808764458	3.1131	3.5616	0.8202	0.418	-1.153	7
0.2	9.225	1.9808866978	3.1174	3.5612	0.8141	0.419	-1.153	7
0.2	9.225	1.9808969498	3.1218	3.5607	0.808	0.42	-1.153	7
0.2	9.225	1.980907321	3.1261	3.5603	0.8019	0.421	-1.153	7
0.2	9.225	1.980917573	3.1304	3.5598	0.7958	0.423	-1.152	7
0.2	9.225	1.980927825	3.1347	3.5594	0.7896	0.426	-1.149	7
0.2	9.225	1.980938077	3.1391	3.5589	0.7835	0.429	-1.146	7
0.2	9.225	1.980948329	3.1434	3.5585	0.7774	0.433	-1.143	7
0.2	9.225	1.9809587002	3.1477	3.558	0.7713	0.436	-1.141	7
0.2	9.225	1.9809689522	3.1521	3.5576	0.7652	0.439	-1.138	7
0.2	9.225	1.9809792042	3.1564	3.5571	0.7591	0.442	-1.135	7
0.2	9.225	1.9809894562	3.1607	3.5567	0.7529	0.445	-1.132	7
0.2	9.225	1.9809998274	3.165	3.5562	0.7468	0.448	-1.13	7
0.2	9.225	1.9810100794	3.1694	3.5558	0.7407	0.451	-1.127	7
0.2	9.225	1.9810203314	3.1737	3.5554	0.7346	0.454	-1.124	7
0.2	9.225	1.9810305834	3.178	3.5549	0.7285	0.457	-1.122	7
0.2	9.225	1.9810409546	3.1824	3.5545	0.7224	0.46	-1.119	7
0.2	9.225	1.9810512066	3.1867	3.554	0.7162	0.463	-1.117	7
0.2	9.225	1.9810614586	3.191	3.5536	0.7101	0.465	-1.114	8
0.2	9.225	1.9810615778	3.191	3.5529	0.7077	0.483	-1.094	8
0.2	9.225	1.981061697	3.191	3.552	0.7037	0.511	-1.062	8
0.2	9.225	1.9810618162	3.191	3.5509	0.6993	0.543	-1.025	8
0.2	9.225	1.9810636044	3.1944	3.5499	0.6921	0.563	-1.004	8
0.2	9.225	1.9810655117	3.1978	3.5495	0.6869	0.57	-0.996	8
0.2	9.225	1.9810672998	3.2011	3.549	0.6817	0.578	-0.988	8
0.2	9.225	1.9810692072	3.2045	3.5486	0.6765	0.586	-0.98	8
0.2	9.225	1.9810709953	3.2079	3.5481	0.6713	0.594	-0.972	8
0.2	9.225	1.9810727835	3.2113	3.5477	0.6661	0.602	-0.964	8
0.2	9.225	1.9810746908	3.2146	3.5472	0.6609	0.609	-0.956	8
0.2	9.225	1.981076479	3.218	3.5467	0.6557	0.617	-0.948	8
0.2	9.225	1.9810782671	3.2214	3.5463	0.6505	0.625	-0.941	8
0.2	9.225	1.9810801744	3.2248	3.5458	0.6453	0.632	-0.933	8
0.2	9.225	1.9810819626	3.2281	3.5454	0.6401	0.64	-0.925	8
0.2	9.225	1.9810838699	3.2315	3.5449	0.6349	0.648	-0.917	8
0.2	9.225	1.9810856581	3.2349	3.5445	0.6297	0.655	-0.909	8
0.2	9.225	1.9810874462	3.2383	3.544	0.6245	0.663	-0.901	8
0.2	9.225	1.9810893536	3.2416	3.5436	0.6193	0.67	-0.893	8
0.2	9.225	1.9810911417	3.245	3.5431	0.6141	0.678	-0.886	8
0.2	9.225	1.981093049	3.2484	3.5427	0.6089	0.685	-0.878	8
0.2	9.225	1.9810948372	3.2518	3.5422	0.6037	0.693	-0.87	8
0.2	9.225	1.9810966253	3.2551	3.5418	0.5985	0.7	-0.862	8
0.2	9.225	1.9810985327	3.2585	3.5413	0.5932	0.707	-0.854	8
0.2	9.225	1.9811003208	3.2619	3.5409	0.588	0.715	-0.846	8
0.2	9.225	1.981102109	3.2653	3.5404	0.5828	0.722	-0.838	8
0.2	9.225	1.9811040163	3.2686	3.54	0.5776	0.73	-0.831	8
0.2	9.225	1.9811058044	3.272	3.5395	0.5724	0.74	-0.82	8
0.2	9.225	1.9811077118	3.2754	3.5391	0.5672	0.751	-0.81	8
0.2	9.225	1.9811094999	3.2788	3.5386	0.562	0.762	-0.8	8
0.2	9.225	1.9811114073	3.2805	3.5384	0.5595	0.767	-0.795	8
0.2	9.225	1.9811134338	3.2822	3.5382	0.5569	0.772	-0.791	8
0.2	9.225	1.9811153412	3.2839	3.538	0.5544	0.776	-0.787	8
0.2	9.225	1.9811172485	3.2856	3.5378	0.5518	0.781	-0.782	8
0.2	9.225	1.9811192751	3.2873	3.5376	0.5492	0.785	-0.778	8
0.2	9.225	1.9811211824	3.289	3.5374	0.5467	0.79	-0.774	8
0.2	9.225	1.9811230898	3.2907	3.5372	0.5441	0.795	-0.769	8
0.2	9.225	1.9811249971	3.2924	3.537	0.5416	0.799	-0.765	8
0.2	9.225	1.9811270237	3.2941	3.5368	0.539	0.804	-0.761	8
0.2	9.225	1.981128931	3.2958	3.5366	0.5365	0.809	-0.756	8
0.2	9.225	1.9811308384	3.2975	3.5363	0.5339	0.813	-0.752	8
0.2	9.225	1.981132865	3.2992	3.5361	0.5314	0.818	-0.748	8
0.2	9.225	1.9811347723	3.3009	3.5359	0.5288	0.822	-0.743	8
0.2	9.225	1.9811366796	3.3026	3.5357	0.5262	0.827	-0.739	8
0.2	9.225	1.9811387062	3.3043	3.5355	0.5237	0.832	-0.735	8
0.2	9.225	1.9811406136	3.306	3.5353	0.5211	0.836	-0.73	8
0.2	9.225	1.9811425209	3.3077	3.5351	0.5186	0.841	-0.726	8
0.2	9.225	1.9811445475	3.3094	3.5349	0.516	0.846	-0.721	8
0.2	9.225	1.9811464548	3.3111	3.5347	0.5135	0.85	-0.717	8
0.2	9.225	1.9811483622	3.3128	3.5345	0.5109	0.855	-0.713	8
0.2	9.225	1.9811502695	3.3145	3.5343	0.5084	0.86	-0.708	8
0.2	9.225	1.9811522961	3.3162	3.5341	0.5058	0.864	-0.704	8
0.2	9.225	1.9811542034	3.3179	3.5339	0.5032	0.869	-0.699	8
0.2	9.225	1.9811561108	3.3196	3.5337	0.5007	0.874	-0.695	8
0.2	9.225	1.9811581373	3.3213	3.5335	0.4981	0.878	-0.69	8
0.2	9.225	1.9811600447	3.323	3.5332	0.4956	0.882	-0.686	8
0.2	9.225	1.9811620712	3.325	3.533	0.4927	0.887	-0.681	8
0.2	9.225	1.9811640978	3.3269	3.5328	0.4898	0.891	-0.676	8
0.2	9.225	1.9811661243	3.3288	3.5325	0.4869	0.896	-0.671	8
0.2	9.225	1.9811681509	3.3307	3.5323	0.484	0.901	-0.666	8
0.2	9.225	1.9811701775	3.3326	3.5321	0.4811	0.906	-0.661	8
0.2	9.225	1.981172204	3.3345	3.5318	0.4783	0.91	-0.656	8
0.2	9.225	1.9811743498	3.3365	3.5316	0.4754	0.915	-0.651	8
0.2	9.225	1.9811763763	3.3384	3.5314	0.4725	0.92	-0.646	8
0.2	9.225	1.9811784029	3.3403	3.5311	0.4696	0.924	-0.641	8
0.2	9.225	1.9811804295	3.3422	3.5309	0.4667	0.929	-0.636	8
0.2	9.225	1.981182456	3.3441	3.5307	0.4638	0.933	-0.631	8
0.2	9.225	1.9811844826	3.346	3.5304	0.4609	0.938	-0.626	8
0.2	9.225	1.9811865091	3.348	3.5302	0.458	0.943	-0.621	8
0.2	9.225	1.9811885357	3.3499	3.53	0.4551	0.948	-0.616	8
0.2	9.225	1.9811905622	3.3518	3.5297	0.4523	0.955	-0.609	8
0.2	9.225	1.9811925888	3.3537	3.5295	0.4494	0.962	-0.603	8
0.2	9.225	1.9811946154	3.3556	3.5292	0.4465	0.968	-0.597	8
0.2	9.225	1.9811966419	3.3575	3.529	0.4436	0.975	-0.591	8
0.2	9.225	1.9811986685	3.3595	3.5288	0.4407	0.982	-0.584	8
0.2	9.225	1.9812008142	3.3614	3.5285	0.4378	0.989	-0.578	8
0.2	9.225	1.9812028408	3.3633	3.5283	0.4349	0.996	-0.572	8
0.2	9.225	1.9812048674	3.3652	3.5281	0.432	1.003	-0.565	8
0.2	9.225	1.9812068939	3.3671	3.5278	0.4292	1.01	-0.559	8
0.2	9.225	1.9812089205	3.369	3.5276	0.4263	1.017	-0.553	8
0.2	9.225	1.981210947	3.371	3.5274	0.4234	1.024	-0.547	8
0.2	9.225	1.9812129736	3.3729	3.5271	0.4205	1.031	-0.54	8
0.2	9.225	1.9812151194	3.3741	3.527	0.4187	1.035	-0.536	8
0.2	9.225	1.9812171459	3.3752	3.5268	0.4168	1.04	-0.532	8
0.2	9.225	1.9812192917	3.3764	3.5267	0.415	1.045	-0.528	8
0.2	9.225	1.9812214375	3.3776	3.5265	0.4132	1.049	-0.524	8
0.2	9.225	1.981223464	3.3788	3.5264	0.4114	1.054	-0.52	8
0.2	9.225	1.9812256098	3.38	3.5262	0.4095	1.058	-0.515	8
0.2	9.225	1.9812277555	3.3812	3.5261	0.4077	1.063	-0.511	8
0.2	9.225	1.9812299013	3.3824	3.5259	0.4059	1.067	-0.507	8
0.2	9.225	1.9812319279	3.3836	3.5258	0.404	1.072	-0.503	8
0.2	9.225	1.9812340736	3.3848	3.5256	0.4022	1.076	-0.499	8
0.2	9.225	1.9812362194	3.3859	3.5255	0.4004	1.081	-0.495	8
0.2	9.225	1.981238246	3.3871	3.5253	0.3985	1.085	-0.49	8
0.2	9.225	1.9812403917	3.3883	3.5252	0.3967	1.09	-0.486	8
0.2	9.225	1.9812425375	3.3895	3.525	0.3949	1.095	-0.482	8
0.2	9.225	1.9812445641	3.3907	3.5249	0.3931	1.099	-0.478	8
0.2	9.225	1.9812467098	3.3919	3.5247	0.3912	1.104	-0.474	8
0.2	9.225	1.9812488556	3.3931	3.5246	0.3894	1.108	-0.47	8
0.2	9.225	1.9812508821	3.3943	3.5244	0.3876	1.113	-0.465	8
0.2	9.225	1.9812530279	3.3955	3.5243	0.3857	1.117	-0.461	8
0.2	9.225	1.9812551737	3.3966	3.5241	0.3839	1.122	-0.457	8
0.2	9.225	1.9812573195	3.3978	3.524	0.3821	1.126	-0.453	8
0.2	9.225	1.981259346	3.399	3.5238	0.3802	1.131	-0.449	8
0.2	9.225	1.9812614918	3.4002	3.5237	0.3784	1.135	-0.444	8
0.2	9.225	1.9812636375	3.4014	3.5235	0.3766	1.14	-0.44	8
0.2	9.225	1.9812656641	3.4026	3.5234	0.3748	1.144	-0.436	8
0.2	9.225	1.9812678099	3.4038	3.5232	0.3729	1.149	-0.432	8
0.2	9.225	1.9812700748	3.4051	3.523	0.3709	1.154	-0.427	8
0.2	9.225	1.9812722206	3.4063	3.5229	0.3689	1.159	-0.422	8
0.2	9.225	1.9812744856	3.4076	3.5227	0.3669	1.165	-0.417	8
0.2	9.225	1.9812767506	3.4089	3.5225	0.365	1.17	-0.413	8
0.2	9.225	1.9812788963	3.4102	3.5224	0.363	1.175	-0.408	8
0.2	9.225	1.9812811613	3.4114	3.5222	0.361	1.18	-0.403	8
0.2	9.225	1.9812834263	3.4127	3.522	0.359	1.185	-0.398	8
0.2	9.225	1.9812856913	3.414	3.5219	0.357	1.19	-0.393	8
0.2	9.225	1.981287837	3.4153	3.5217	0.355	1.196	-0.388	8
0.2	9.225	1.981290102	3.4165	3.5215	0.353	1.201	-0.384	8
0.2	9.225	1.981292367	3.4178	3.5214	0.351	1.206	-0.379	8
0.2	9.225	1.9812945127	3.4191	3.5212	0.349	1.211	-0.374	8
0.2	9.225	1.9812967777	3.4204	3.521	0.347	1.216	-0.369	8
0.2	9.225	1.9812990427	3.4216	3.5208	0.345	1.222	-0.364	8
0.2	9.225	1.9813011885	3.4229	3.5207	0.343	1.227	-0.359	8
0.2	9.225	1.9813034534	3.4242	3.5205	0.341	1.232	-0.354	8
0.2	9.225	1.9813057184	3.4254	3.5203	0.339	1.237	-0.35	8
0.2	9.225	1.9813078642	3.4267	3.5202	0.3371	1.242	-0.345	8
0.2	9.225	1.9813101292	3.428	3.52	0.3351	1.247	-0.34	8
0.2	9.225	1.9813123941	3.4293	3.5198	0.3331	1.253	-0.335	8
0.2	9.225	1.9813146591	3.4305	3.5197	0.3311	1.258	-0.33	8
0.2	9.225	1.9813168049	3.4318	3.5195	0.3291	1.264	-0.325	8
0.2	9.225	1.9813190699	3.4331	3.5193	0.3271	1.269	-0.319	8
0.2	9.225	1.9813213348	3.4344	3.5192	0.3251	1.275	-0.314	8
0.2	9.225	1.9813234806	3.4356	3.519	0.3231	1.28	-0.309	8
0.2	9.225	1.9813257456	3.4369	3.5188	0.3211	1.286	-0.304	8
0.2	9.225	1.9813280106	3.4386	3.5186	0.3185	1.293	-0.297	8
0.2	9.225	1.9813301563	3.4402	3.5184	0.3159	1.3	-0.29	8
0.2	9.225	1.9813324213	3.4419	3.5182	0.3133	1.307	-0.284	8
0.2	9.225	1.9813345671	3.4435	3.5179	0.3107	1.315	-0.277	8
0.2	9.225	1.981336832	3.4452	3.5177	0.3082	1.322	-0.27	8
0.2	9.225	1.981339097	3.4468	3.5175	0.3056	1.329	-0.263	8
0.2	9.225	1.9813412428	3.4485	3.5173	0.303	1.337	-0.256	8
0.2	9.225	1.9813435078	3.4501	3.5171	0.3004	1.344	-0.249	8
0.2	9.225	1.9813457727	3.4518	3.5168	0.2978	1.351	-0.242	8
0.2	9.225	1.9813479185	3.4534	3.5166	0.2952	1.359	-0.235	8
0.2	9.225	1.9813501835	3.4551	3.5164	0.2926	1.366	-0.228	8
0.2	9.225	1.9813523293	3.4568	3.5162	0.29	1.373	-0.221	8
0.2	9.225	1.9813545942	3.4584	3.5159	0.2874	1.381	-0.215	8
0.2	9.225	1.9813568592	3.4601	3.5157	0.2848	1.388	-0.208	8
0.2	9.225	1.981359005	3.4617	3.5155	0.2823	1.396	-0.201	8
0.2	9.225	1.98136127	3.4634	3.5153	0.2797	1.403	-0.194	8
0.2	9.225	1.9813634157	3.465	3.5151	0.2771	1.41	-0.187	8
0.2	9.225	1.9813656807	3.4667	3.5148	0.2745	1.418	-0.18	8
0.2	9.225	1.9813679457	3.4683	3.5146	0.2719	1.425	-0.173	8
0.2	9.225	1.9813700914	3.47	3.5144	0.2693	1.433	-0.166	8
0.2	9.225	1.9813723564	3.4716	3.5142	0.2667	1.44	-0.159	8
0.2	9.225	1.9813746214	3.4733	3.5139	0.2641	1.448	-0.152	8
0.2	9.225	1.9813767672	3.4749	3.5137	0.2615	1.455	-0.145	8
0.2	9.225	1.9813790321	3.4766	3.5135	0.2589	1.462	-0.138	8
0.2	9.225	1.9813811779	3.4782	3.5133	0.2563	1.47	-0.131	8
0.2	9.225	1.9813834429	3.4799	3.5131	0.2538	1.477	-0.124	8
0.2	9.225	1.9813858271	3.4811	3.5129	0.2518	1.483	-0.119	8
0.2	9.225	1.9813883305	3.4823	3.5127	0.2499	1.489	-0.113	8
0.2	9.225	1.9813907146	3.4835	3.5126	0.248	1.494	-0.108	8
0.2	9.225	1.9813930988	3.4847	3.5124	0.2461	1.5	-0.103	8
0.2	9.225	1.981395483	3.4859	3.5122	0.2441	1.506	-0.098	8
0.2	9.225	1.9813979864	3.4871	3.5121	0.2422	1.511	-0.092	8
0.2	9.225	1.9814003706	3.4883	3.5119	0.2403	1.517	-0.087	8
0.2	9.225	1.9814027548	3.4895	3.5117	0.2384	1.522	-0.082	8
0.2	9.225	1.981405139	3.4907	3.5116	0.2364	1.528	-0.076	8
0.2	9.225	1.9814076424	3.4919	3.5114	0.2345	1.534	-0.071	8
0.2	9.225	1.9814100266	3.4931	3.5112	0.2326	1.539	-0.066	8
0.2	9.225	1.9814124107	3.4943	3.5111	0.2307	1.545	-0.061	8
0.2	9.225	1.9814147949	3.4955	3.5109	0.2288	1.551	-0.055	8
0.2	9.225	1.9814172983	3.4967	3.5108	0.2268	1.556	-0.05	8
0.2	9.225	1.9814196825	3.4979	3.5106	0.2249	1.562	-0.045	8
0.2	9.225	1.9814220667	3.4991	3.5104	0.223	1.568	-0.039	8
0.2	9.225	1.9814245701	3.5004	3.5103	0.2211	1.573	-0.034	8
0.2	9.225	1.9814269543	3.5016	3.5101	0.2191	1.579	-0.029	8
0.2	9.225	1.9814293385	3.5028	3.5099	0.2172	1.585	-0.024	8
0.2	9.225	1.9814317226	3.504	3.5098	0.2153	1.59	-0.018	8
0.2	9.225	1.981434226	3.5052	3.5096	0.2134	1.596	-0.013	8
0.2	9.225	1.9814366102	3.5064	3.5094	0.2114	1.601	-0.008	8
0.2	9.225	1.9814389944	3.5076	3.5093	0.2095	1.607	-0.003	8
0.2	9.225	1.9814413786	3.5088	3.5091	0.2076	1.612	0.002	8
0.2	9.225	1.981443882	3.51	3.5089	0.2057	1.618	0.007	8
0.2	9.225	1.9814462662	3.5112	3.5088	0.2037	1.623	0.012	8
0.2	9.225	1.9814487696	3.5121	3.5086	0.2022	1.628	0.016	8
0.2	9.225	1.9814511538	3.513	3.5085	0.2007	1.632	0.021	8
0.2	9.225	1.9814536572	3.514	3.5084	0.1992	1.637	0.025	8
0.2	9.225	1.9814560413	3.5149	3.5083	0.1976	1.641	0.029	8
0.2	9.225	1.9814585447	3.5158	3.5081	0.1961	1.646	0.034	8
0.2	9.225	1.9814609289	3.5168	3.508	0.1946	1.651	0.038	8
0.2	9.225	1.9814634323	3.5177	3.5079	0.193	1.655	0.042	8
0.2	9.225	1.9814658165	3.5186	3.5077	0.1915	1.66	0.046	8
0.2	9.225	1.9814683199	3.5195	3.5076	0.19	1.664	0.051	8
0.2	9.225	1.9814707041	3.5205	3.5075	0.1884	1.669	0.055	8
0.2	9.225	1.9814732075	3.5214	3.5073	0.1869	1.674	0.059	8
0.2	9.225	1.9814755917	3.5223	3.5072	0.1854	1.678	0.064	8
0.2	9.225	1.9814780951	3.5233	3.5071	0.1838	1.683	0.068	8
0.2	9.225	1.9814805984	3.5242	3.5069	0.1823	1.688	0.072	8
0.2	9.225	1.9814829826	3.5251	3.5068	0.1808	1.692	0.077	8
0.2	9.225	1.981485486	3.5261	3.5067	0.1792	1.697	0.081	8
0.2	9.225	1.9814878702	3.527	3.5065	0.1777	1.702	0.085	8
0.2	9.225	1.9814903736	3.5279	3.5064	0.1762	1.706	0.09	8
0.2	9.225	1.9814927578	3.5288	3.5063	0.1746	1.711	0.094	8
0.2	9.225	1.9814952612	3.5298	3.5061	0.1731	1.716	0.098	8
0.2	9.225	1.9814976454	3.5307	3.506	0.1716	1.72	0.103	8
0.2	9.225	1.9815001488	3.5316	3.5059	0.17	1.725	0.107	8
0.2	9.225	1.981502533	3.5326	3.5057	0.1685	1.73	0.111	8
0.2	9.225	1.9815050364	3.5335	3.5056	0.167	1.734	0.116	8
0.2	9.225	1.9815074205	3.5344	3.5055	0.1654	1.739	0.12	8
0.2	9.225	1.9815099239	3.5353	3.5053	0.1639	1.744	0.125	8
0.2	9.225	1.9815123081	3.5366	3.5052	0.1619	1.75	0.131	8
0.2	9.225	1.9815145731	3.5378	3.505	0.1599	1.757	0.137	8
0.2	9.225	1.9815169573	3.539	3.5048	0.1578	1.763	0.143	8
0.2	9.225	1.9815193415	3.5402	3.5046	0.1558	1.77	0.149	8
0.2	9.225	1.9815216064	3.5414	3.5044	0.1538	1.777	0.155	8
0.2	9.225	1.9815239906	3.5427	3.5043	0.1518	1.783	0.161	8
0.2	9.225	1.9815263748	3.5439	3.5041	0.1498	1.79	0.167	8
0.2	9.225	1.981528759	3.5451	3.5039	0.1477	1.796	0.174	8
0.2	9.225	1.981531024	3.5463	3.5037	0.1457	1.803	0.18	8
0.2	9.225	1.9815334082	3.5476	3.5035	0.1437	1.81	0.186	8
0.2	9.225	1.9815357924	3.5488	3.5034	0.1417	1.816	0.192	8
0.2	9.225	1.9815380573	3.55	3.5032	0.1397	1.823	0.198	8
0.2	9.225	1.9815404415	3.5512	3.503	0.1376	1.829	0.205	8
0.2	9.225	1.9815428257	3.5524	3.5028	0.1356	1.836	0.211	8
0.2	9.225	1.9815450907	3.5537	3.5026	0.1336	1.843	0.217	8
0.2	9.225	1.9815474749	3.5549	3.5025	0.1316	1.85	0.223	8
0.2	9.225	1.981549859	3.5561	3.5023	0.1295	1.856	0.23	8
0.2	9.225	1.981552124	3.5573	3.5021	0.1275	1.863	0.236	8
0.2	9.225	1.9815545082	3.5585	3.5019	0.1255	1.87	0.242	8
0.2	9.225	1.9815568924	3.5598	3.5017	0.1235	1.876	0.248	8
0.2	9.225	1.9815592766	3.561	3.5016	0.1215	1.883	0.255	8
0.2	9.225	1.9815615416	3.5622	3.5014	0.1194	1.89	0.261	8
0.2	9.225	1.9815639257	3.5634	3.5012	0.1174	1.897	0.267	8
0.2	9.225	1.9815663099	3.5647	3.501	0.1154	1.903	0.274	8
0.2	9.225	1.9815685749	3.5659	3.5008	0.1134	1.91	0.28	8
0.2	9.225	1.9815709591	3.5671	3.5006	0.1113	1.917	0.286	8
0.2	9.225	1.9815732241	3.568	3.5005	0.1098	1.922	0.291	8
0.2	9.225	1.9815756083	3.5689	3.5004	0.1082	1.928	0.297	8
0.2	9.225	1.9815778732	3.5699	3.5002	0.1066	1.933	0.302	8
0.2	9.225	1.9815802574	3.5708	3.5001	0.105	1.939	0.307	8
0.2	9.225	1.9815825224	3.5717	3.4999	0.1035	1.944	0.312	8
0.2	9.225	1.9815849066	3.5726	3.4998	0.1019	1.949	0.316	8
0.2	9.225	1.9815871716	3.5736	3.4997	0.1003	1.954	0.321	8
0.2	9.225	1.9815894365	3.5745	3.4995	0.0987	1.959	0.326	8
0.2	9.225	1.9815918207	3.5754	3.4994	0.0971	1.964	0.331	8
0.2	9.225	1.9815940857	3.5763	3.4992	0.0956	1.969	0.335	8
0.2	9.225	1.9815964699	3.5773	3.4991	0.094	1.974	0.34	8
0.2	9.225	1.9815987349	3.5782	3.499	0.0924	1.98	0.345	8
0.2	9.225	1.9816009998	3.5791	3.4988	0.0908	1.985	0.35	8
0.2	9.225	1.981603384	3.58	3.4987	0.0892	1.99	0.355	8
0.2	9.225	1.981605649	3.581	3.4985	0.0877	1.995	0.36	8
0.2	9.225	1.9816080332	3.5819	3.4984	0.0861	2.0	0.364	8
0.2	9.225	1.9816102982	3.5828	3.4982	0.0845	2.005	0.369	8
0.2	9.225	1.9816126823	3.5837	3.4981	0.0829	2.01	0.374	8
0.2	9.225	1.9816149473	3.5847	3.498	0.0813	2.015	0.379	8
0.2	9.225	1.9816172123	3.5856	3.4978	0.0798	2.021	0.384	8
0.2	9.225	1.9816195965	3.5865	3.4977	0.0782	2.026	0.389	8
0.2	9.225	1.9816218615	3.5874	3.4975	0.0766	2.031	0.393	8
0.2	9.225	1.9816242456	3.5884	3.4974	0.075	2.036	0.398	8
0.2	9.225	1.9816265106	3.5893	3.4973	0.0734	2.041	0.403	8
0.2	9.225	1.9816288948	3.5902	3.4971	0.0719	2.047	0.408	8
0.2	9.225	1.9816311598	3.5911	3.497	0.0703	2.052	0.413	8
0.2	9.225	1.981633544	3.592	3.4968	0.0687	2.057	0.418	8
0.2	9.225	1.9816359282	3.5929	3.4967	0.0671	2.062	0.423	8
0.2	9.225	1.9816383123	3.5938	3.4965	0.0656	2.068	0.428	8
0.2	9.225	1.9816406965	3.5947	3.4964	0.064	2.073	0.433	8
0.2	9.225	1.9816430807	3.5956	3.4963	0.0624	2.078	0.438	8
0.2	9.225	1.9816454649	3.5965	3.4961	0.0609	2.083	0.443	8
0.2	9.225	1.9816478491	3.5974	3.496	0.0593	2.089	0.448	8
0.2	9.225	1.9816502333	3.5984	3.4958	0.0577	2.094	0.453	8
0.2	9.225	1.9816526175	3.5993	3.4957	0.0562	2.099	0.458	8
0.2	9.225	1.9816550016	3.6002	3.4956	0.0546	2.105	0.463	8
0.2	9.225	1.9816573858	3.6011	3.4954	0.053	2.11	0.468	8
0.2	9.225	1.98165977	3.602	3.4953	0.0514	2.115	0.473	8
0.2	9.225	1.981662035	3.6029	3.4951	0.0499	2.121	0.478	8
0.2	9.225	1.9816644192	3.6038	3.495	0.0483	2.126	0.483	8
0.2	9.225	1.9816668034	3.6047	3.4949	0.0467	2.132	0.488	8
0.2	9.225	1.9816691875	3.6056	3.4947	0.0452	2.137	0.493	8
0.2	9.225	1.9816715717	3.6065	3.4946	0.0436	2.142	0.499	8
0.2	9.225	1.9816739559	3.6074	3.4944	0.042	2.148	0.504	8
0.2	9.225	1.9816763401	3.6083	3.4943	0.0405	2.153	0.509	8
0.2	9.225	1.9816787243	3.6092	3.4941	0.0389	2.159	0.514	8
0.2	9.225	1.9816811085	3.6101	3.494	0.0373	2.164	0.519	8
0.2	9.225	1.9816834927	3.611	3.4939	0.0357	2.169	0.524	8
0.2	9.225	1.9816858768	3.6119	3.4937	0.0342	2.175	0.529	8
0.2	9.225	1.981688261	3.6128	3.4936	0.0326	2.18	0.534	8
0.2	9.225	1.9816906452	3.6137	3.4934	0.031	2.186	0.54	8
0.2	9.225	1.9816930294	3.6146	3.4933	0.0295	2.191	0.545	8
0.2	9.225	1.9816951752	3.6151	3.4932	0.0285	2.195	0.548	8
0.2	9.225	1.9816974401	3.6156	3.4931	0.0276	2.198	0.551	8
0.2	9.225	1.9816997051	3.616	3.493	0.0267	2.202	0.555	8
0.2	9.225	1.9817018509	3.6165	3.493	0.0257	2.205	0.558	8
0.2	9.225	1.9817039967	3.617	3.4929	0.0248	2.209	0.561	8
0.2	9.225	1.9817062616	3.6175	3.4928	0.0239	2.212	0.565	8
0.2	9.225	1.9817085266	3.618	3.4927	0.023	2.216	0.568	8
0.2	9.225	1.9817106724	3.6184	3.4926	0.022	2.219	0.571	8
0.2	9.225	1.9817128181	3.6189	3.4925	0.0211	2.223	0.575	8
0.2	9.225	1.9817150831	3.6194	3.4924	0.0202	2.226	0.578	8
0.2	9.225	1.9817173481	3.6199	3.4924	0.0192	2.23	0.581	8
0.2	9.225	1.9817194939	3.6204	3.4923	0.0183	2.233	0.585	8
0.2	9.225	1.9817216396	3.6209	3.4922	0.0174	2.237	0.588	8
0.2	9.225	1.9817239046	3.6213	3.4921	0.0164	2.24	0.592	8
0.2	9.225	1.9817261696	3.6218	3.492	0.0155	2.244	0.595	8
0.2	9.225	1.9817283154	3.6223	3.4919	0.0146	2.247	0.598	8
0.2	9.225	1.9817304611	3.6228	3.4918	0.0136	2.251	0.602	8
0.2	9.225	1.9817327261	3.6233	3.4918	0.0127	2.255	0.605	8
0.2	9.225	1.9817349911	3.6237	3.4917	0.0118	2.258	0.608	8
0.2	9.225	1.9817371368	3.6242	3.4916	0.0109	2.262	0.612	8
0.2	9.225	1.9817392826	3.6247	3.4915	0.0099	2.265	0.615	8
0.2	9.225	1.9817415476	3.6252	3.4914	0.009	2.269	0.618	8
0.2	9.225	1.9817438126	3.6257	3.4913	0.0081	2.272	0.622	8
0.2	9.225	1.9817459583	3.6261	3.4912	0.0071	2.276	0.625	8
0.2	9.225	1.9817481041	3.6266	3.4912	0.0062	2.279	0.629	8
0.2	9.225	1.9817503691	3.6271	3.4911	0.0053	2.283	0.632	8
0.2	9.225	1.9817533493	3.6286	3.4908	0.0026	2.293	0.642	8
0.2	9.225	1.9817563295	3.6301	3.4906	-0.0001	2.303	0.651	8
0.2	9.225	1.9817593098	3.6316	3.4903	-0.0028	2.311	0.66	8
0.2	9.225	1.98176229	3.6332	3.4901	-0.0054	2.318	0.669	8
0.2	9.225	1.9817652702	3.6347	3.4898	-0.0081	2.324	0.675	8
0.2	9.225	1.9817682505	3.6362	3.4896	-0.0108	2.328	0.681	8
0.2	9.225	1.9817713499	3.6377	3.4893	-0.0135	2.333	0.687	8
0.2	9.225	1.9817743301	3.6392	3.4891	-0.0161	2.337	0.693	8
0.2	9.225	1.9817773104	3.6407	3.4888	-0.0188	2.341	0.699	8
0.2	9.225	1.9817802906	3.6422	3.4886	-0.0215	2.346	0.704	8
0.2	9.225	1.9817832708	3.6438	3.4883	-0.0242	2.35	0.71	8
0.2	9.225	1.9817862511	3.6453	3.4881	-0.0268	2.354	0.716	8
0.2	9.225	1.9817892313	3.6468	3.4878	-0.0295	2.358	0.721	8
0.2	9.225	1.9817922115	3.6483	3.4876	-0.0322	2.362	0.727	8
0.2	9.225	1.9817951918	3.6498	3.4873	-0.0349	2.366	0.732	8
0.2	9.225	1.981798172	3.6513	3.4871	-0.0375	2.37	0.738	8
0.2	9.225	1.9818011522	3.6528	3.4868	-0.0402	2.374	0.743	8
0.2	9.225	1.9818041325	3.6544	3.4866	-0.0429	2.378	0.748	8
0.2	9.225	1.9818071127	3.6559	3.4863	-0.0456	2.382	0.753	8
0.2	9.225	1.9818102121	3.6574	3.4861	-0.0482	2.386	0.759	8
0.2	9.225	1.9818131924	3.6589	3.4858	-0.0509	2.389	0.764	8
0.2	9.225	1.9818161726	3.6604	3.4856	-0.0536	2.393	0.769	8
0.2	9.225	1.9818191528	3.6619	3.4853	-0.0563	2.396	0.774	8
0.2	9.225	1.9818221331	3.6634	3.4851	-0.0589	2.4	0.779	8
0.2	9.225	1.9818251133	3.665	3.4848	-0.0616	2.403	0.784	8
0.2	9.225	1.9818280935	3.6665	3.4846	-0.0643	2.407	0.788	8
0.2	9.225	1.9818308353	3.6675	3.4844	-0.0663	2.41	0.792	8
0.2	9.225	1.9818335772	3.6686	3.4842	-0.0683	2.412	0.796	8
0.2	9.225	1.981836319	3.6697	3.484	-0.0703	2.415	0.8	8
0.2	9.225	1.9818389416	3.6708	3.4838	-0.0723	2.418	0.804	8
0.2	9.225	1.9818416834	3.6719	3.4836	-0.0744	2.421	0.808	8
0.2	9.225	1.9818444252	3.6729	3.4834	-0.0764	2.423	0.812	8
0.2	9.225	1.981847167	3.674	3.4832	-0.0784	2.426	0.815	8
0.2	9.225	1.9818499088	3.6751	3.483	-0.0804	2.429	0.819	8
0.2	9.225	1.9818526506	3.6762	3.4828	-0.0824	2.431	0.823	8
0.2	9.225	1.9818552732	3.6772	3.4826	-0.0844	2.434	0.826	8
0.2	9.225	1.9818580151	3.6783	3.4824	-0.0864	2.436	0.83	8
0.2	9.225	1.9818607569	3.6794	3.4823	-0.0884	2.439	0.833	8
0.2	9.225	1.9818634987	3.6805	3.4821	-0.0905	2.441	0.837	8
0.2	9.225	1.9818662405	3.6816	3.4819	-0.0925	2.444	0.841	8
0.2	9.225	1.9818689823	3.6826	3.4817	-0.0945	2.446	0.844	8
0.2	9.225	1.9818717241	3.6837	3.4815	-0.0965	2.448	0.848	8
0.2	9.225	1.9818743467	3.6848	3.4813	-0.0985	2.451	0.851	8
0.2	9.225	1.9818770885	3.6859	3.4811	-0.1005	2.453	0.854	8
0.2	9.225	1.9818798304	3.687	3.4809	-0.1025	2.455	0.858	8
0.2	9.225	1.9818825722	3.688	3.4807	-0.1046	2.458	0.861	8
0.2	9.225	1.981885314	3.6891	3.4805	-0.1066	2.46	0.864	8
0.2	9.225	1.9818880558	3.6902	3.4803	-0.1086	2.462	0.868	8
0.2	9.225	1.9818906784	3.6913	3.4801	-0.1106	2.464	0.871	8
0.2	9.225	1.9818934202	3.6923	3.4799	-0.1126	2.466	0.873	8
0.2	9.225	1.981896162	3.6934	3.4798	-0.1146	2.467	0.875	8
0.2	9.225	1.9818989038	3.6945	3.4796	-0.1166	2.467	0.876	8
0.2	9.225	1.9819016457	3.6952	3.4794	-0.1182	2.468	0.877	8
0.2	9.225	1.9819043875	3.696	3.4793	-0.1197	2.469	0.878	8
0.2	9.225	1.9819071293	3.6967	3.4791	-0.1212	2.47	0.879	8
0.2	9.225	1.9819098711	3.6974	3.479	-0.1227	2.47	0.88	8
0.2	9.225	1.9819126129	3.6982	3.4788	-0.1242	2.471	0.881	8
0.2	9.225	1.9819153547	3.6989	3.4787	-0.1257	2.472	0.882	8
0.2	9.225	1.9819180965	3.6997	3.4785	-0.1272	2.472	0.883	8
0.2	9.225	1.9819208384	3.7004	3.4784	-0.1288	2.473	0.884	8
0.2	9.225	1.9819235802	3.7011	3.4782	-0.1303	2.474	0.885	8
0.2	9.225	1.981926322	3.7019	3.4781	-0.1318	2.474	0.886	8
0.2	9.225	1.9819290638	3.7026	3.4779	-0.1333	2.475	0.887	8
0.2	9.225	1.9819318056	3.7033	3.4778	-0.1348	2.476	0.888	8
0.2	9.225	1.9819345474	3.7041	3.4777	-0.1363	2.476	0.889	8
0.2	9.225	1.9819372892	3.7048	3.4775	-0.1379	2.477	0.889	8
0.2	9.225	1.9819400311	3.7056	3.4774	-0.1394	2.477	0.89	8
0.2	9.225	1.9819427729	3.7063	3.4772	-0.1409	2.478	0.891	8
0.2	9.225	1.9819455147	3.707	3.4771	-0.1424	2.478	0.892	8
0.2	9.225	1.9819482565	3.7078	3.4769	-0.1439	2.479	0.893	8
0.2	9.225	1.9819509983	3.7085	3.4768	-0.1455	2.479	0.894	8
0.2	9.225	1.9819537401	3.7092	3.4766	-0.147	2.48	0.894	8
0.2	9.225	1.9819564819	3.71	3.4765	-0.1485	2.48	0.895	8
0.2	9.225	1.9819592237	3.7107	3.4763	-0.15	2.481	0.896	8
0.2	9.225	1.9819619656	3.7114	3.4762	-0.1515	2.481	0.897	8
0.2	9.225	1.9819647074	3.7122	3.476	-0.153	2.482	0.898	8
0.2	9.225	1.9819674492	3.7129	3.4759	-0.1546	2.482	0.898	8
0.2	9.225	1.981970191	3.7137	3.4758	-0.1561	2.482	0.899	8
0.2	9.225	1.9819726944	3.7144	3.4756	-0.1576	2.483	0.9	8
0.2	9.225	1.981975317	3.7152	3.4754	-0.1592	2.483	0.9	8
0.2	9.225	1.9819778204	3.7159	3.4753	-0.1608	2.484	0.901	8
0.2	9.225	1.981980443	3.7167	3.4751	-0.1623	2.484	0.902	8
0.2	9.225	1.9819829464	3.7174	3.475	-0.1639	2.484	0.903	8
0.2	9.225	1.9819854498	3.7182	3.4748	-0.1654	2.485	0.903	8
0.2	9.225	1.9819880724	3.7189	3.4747	-0.167	2.485	0.904	8
0.2	9.225	1.9819905758	3.7197	3.4745	-0.1686	2.485	0.905	8
0.2	9.225	1.9819930792	3.7204	3.4744	-0.1701	2.485	0.905	8
0.2	9.225	1.9819957018	3.7212	3.4742	-0.1717	2.486	0.906	8
0.2	9.225	1.9819982052	3.7219	3.4741	-0.1732	2.486	0.906	8
0.2	9.225	1.9820008278	3.7227	3.4739	-0.1748	2.486	0.907	8
0.2	9.225	1.9820033312	3.7234	3.4738	-0.1764	2.486	0.908	8
0.2	9.225	1.9820058346	3.7242	3.4736	-0.1779	2.487	0.908	8
0.2	9.225	1.9820084572	3.7249	3.4735	-0.1795	2.487	0.909	8
0.2	9.225	1.9820109606	3.7257	3.4733	-0.181	2.487	0.909	8
0.2	9.225	1.9820135832	3.7264	3.4732	-0.1826	2.487	0.91	8
0.2	9.225	1.9820160866	3.7272	3.473	-0.1842	2.487	0.91	8
0.2	9.225	1.98201859	3.7279	3.4729	-0.1857	2.487	0.911	8
0.2	9.225	1.9820212126	3.7287	3.4727	-0.1873	2.487	0.911	8
0.2	9.225	1.982023716	3.7294	3.4726	-0.1889	2.488	0.912	8
0.2	9.225	1.9820262194	3.7302	3.4724	-0.1904	2.488	0.912	8
0.2	9.225	1.982028842	3.7309	3.4723	-0.192	2.488	0.913	8
0.2	9.225	1.9820313454	3.7317	3.4721	-0.1935	2.488	0.913	8
0.2	9.225	1.982033968	3.7324	3.472	-0.1951	2.488	0.913	8
0.2	9.225	1.9820364714	3.7332	3.4718	-0.1967	2.488	0.914	8
0.2	9.225	1.9820388556	3.7342	3.4716	-0.1987	2.488	0.914	8
0.2	9.225	1.9820412397	3.7351	3.4714	-0.2007	2.488	0.915	8
0.2	9.225	1.9820437431	3.7361	3.4712	-0.2027	2.488	0.916	8
0.2	9.225	1.9820461273	3.7371	3.471	-0.2047	2.488	0.916	8
0.2	9.225	1.9820485115	3.7381	3.4708	-0.2067	2.488	0.917	8
0.2	9.225	1.9820508957	3.739	3.4706	-0.2087	2.488	0.917	8
0.2	9.225	1.9820532799	3.74	3.4704	-0.2107	2.488	0.917	8
0.2	9.225	1.9820557833	3.741	3.4702	-0.2126	2.488	0.918	8
0.2	9.225	1.9820581675	3.742	3.47	-0.2146	2.488	0.918	8
0.2	9.225	1.9820605516	3.743	3.4698	-0.2166	2.487	0.918	8
0.2	9.225	1.9820629358	3.7439	3.4696	-0.2186	2.485	0.917	8
0.2	9.225	1.98206532	3.7449	3.4694	-0.2206	2.484	0.916	8
0.2	9.225	1.9820678234	3.7459	3.4692	-0.2226	2.483	0.915	8
0.2	9.225	1.9820702076	3.7469	3.469	-0.2246	2.482	0.914	8
0.2	9.225	1.9820725918	3.7478	3.4688	-0.2266	2.481	0.914	8
0.2	9.225	1.982074976	3.7488	3.4686	-0.2286	2.479	0.913	8
0.2	9.225	1.9820773602	3.7498	3.4684	-0.2306	2.478	0.912	8
0.2	9.225	1.9820797443	3.7508	3.4682	-0.2326	2.477	0.911	8
0.2	9.225	1.9820822477	3.7517	3.468	-0.2346	2.475	0.91	8
0.2	9.225	1.9820846319	3.7527	3.4678	-0.2366	2.474	0.909	8
0.2	9.225	1.9820870161	3.7537	3.4676	-0.2386	2.472	0.908	8
0.2	9.225	1.9820894003	3.7547	3.4674	-0.2406	2.471	0.907	8
0.2	9.225	1.9820917845	3.7557	3.4672	-0.2426	2.469	0.906	8
0.2	9.225	1.9820942879	3.7566	3.467	-0.2446	2.468	0.905	8
0.2	9.225	1.9820966721	3.7576	3.4668	-0.2466	2.467	0.904	8
0.2	9.225	1.9820990562	3.7586	3.4666	-0.2486	2.465	0.903	8
0.2	9.225	1.9821013212	3.7595	3.4664	-0.2505	2.464	0.902	8
0.2	9.225	1.9821035862	3.7604	3.4662	-0.2525	2.462	0.901	8
0.2	9.225	1.9821058512	3.7613	3.466	-0.2544	2.461	0.9	8
0.2	9.225	1.9821081161	3.7622	3.4659	-0.2563	2.46	0.899	8
0.2	9.225	1.9821103811	3.7631	3.4657	-0.2582	2.458	0.898	8
0.2	9.225	1.9821126461	3.7639	3.4655	-0.2601	2.457	0.897	8
0.2	9.225	1.9821149111	3.7648	3.4653	-0.262	2.455	0.896	8
0.2	9.225	1.9821171761	3.7657	3.4651	-0.2639	2.454	0.895	8
0.2	9.225	1.982119441	3.7666	3.4649	-0.2658	2.453	0.894	8
0.2	9.225	1.982121706	3.7675	3.4647	-0.2677	2.451	0.893	8
0.2	9.225	1.982123971	3.7684	3.4645	-0.2696	2.45	0.892	8
0.2	9.225	1.982126236	3.7693	3.4643	-0.2715	2.448	0.891	8
0.2	9.225	1.9821286201	3.7702	3.4641	-0.2735	2.446	0.89	8
0.2	9.225	1.9821308851	3.7711	3.4639	-0.2754	2.445	0.889	8
0.2	9.225	1.9821331501	3.772	3.4637	-0.2773	2.443	0.888	8
0.2	9.225	1.9821354151	3.7729	3.4635	-0.2792	2.442	0.887	8
0.2	9.225	1.9821376801	3.7738	3.4633	-0.2811	2.44	0.886	8
0.2	9.225	1.982139945	3.7746	3.4631	-0.283	2.438	0.884	8
0.2	9.225	1.98214221	3.7755	3.4629	-0.2849	2.437	0.883	8
0.2	9.225	1.982144475	3.7764	3.4628	-0.2868	2.435	0.882	8
0.2	9.225	1.98214674	3.7773	3.4626	-0.2887	2.433	0.881	8
0.2	9.225	1.9821490049	3.7782	3.4624	-0.2907	2.431	0.879	8
0.2	9.225	1.9821512699	3.7791	3.4622	-0.2926	2.43	0.878	8
0.2	9.225	1.9821535349	3.78	3.462	-0.2945	2.428	0.877	8
0.2	9.225	1.9821557999	3.7809	3.4618	-0.2964	2.426	0.876	8
0.2	9.225	1.9821580648	3.7818	3.4616	-0.2983	2.424	0.874	8
0.2	9.225	1.9821603298	3.7824	3.4614	-0.2999	2.423	0.873	8
0.2	9.225	1.9821624756	3.7831	3.4613	-0.3015	2.421	0.872	8
0.2	9.225	1.9821647406	3.7838	3.4611	-0.3031	2.42	0.871	8
0.2	9.225	1.9821668863	3.7844	3.461	-0.3047	2.419	0.87	8
0.2	9.225	1.9821691513	3.7851	3.4608	-0.3063	2.417	0.869	8
0.2	9.225	1.9821712971	3.7858	3.4606	-0.3079	2.416	0.868	8
0.2	9.225	1.982173562	3.7864	3.4605	-0.3095	2.414	0.867	8
0.2	9.225	1.982175827	3.7871	3.4603	-0.3111	2.412	0.866	8
0.2	9.225	1.9821779728	3.7877	3.4602	-0.3127	2.411	0.865	8
0.2	9.225	1.9821802378	3.7884	3.46	-0.3143	2.409	0.864	8
0.2	9.225	1.9821823835	3.7891	3.4599	-0.3159	2.407	0.862	8
0.2	9.225	1.9821846485	3.7897	3.4597	-0.3175	2.404	0.86	8
0.2	9.225	1.9821867943	3.7904	3.4595	-0.319	2.402	0.859	8
0.2	9.225	1.9821890593	3.7911	3.4594	-0.3206	2.399	0.857	8
0.2	9.225	1.9821913242	3.7917	3.4592	-0.3222	2.396	0.855	8
0.2	9.225	1.98219347	3.7924	3.4591	-0.3238	2.394	0.853	8
0.2	9.225	1.982195735	3.7931	3.4589	-0.3254	2.391	0.851	8
0.2	9.225	1.9821978807	3.7937	3.4588	-0.327	2.388	0.85	8
0.2	9.225	1.9822001457	3.7944	3.4586	-0.3286	2.386	0.848	8
0.2	9.225	1.9822024107	3.795	3.4584	-0.3302	2.383	0.846	8
0.2	9.225	1.9822045565	3.7957	3.4583	-0.3318	2.38	0.844	8
0.2	9.225	1.9822068214	3.7964	3.4581	-0.3334	2.377	0.842	8
0.2	9.225	1.9822089672	3.797	3.458	-0.335	2.375	0.84	8
0.2	9.225	1.9822112322	3.7977	3.4578	-0.3366	2.372	0.838	8
0.2	9.225	1.982213378	3.7984	3.4577	-0.3382	2.369	0.837	8
0.2	9.225	1.9822156429	3.799	3.4575	-0.3398	2.367	0.835	8
0.2	9.225	1.9822176695	3.7998	3.4573	-0.342	2.363	0.832	8
0.2	9.225	1.982219696	3.8006	3.457	-0.3442	2.36	0.83	8
0.2	9.225	1.9822217226	3.8014	3.4568	-0.3463	2.356	0.828	8
0.2	9.225	1.9822237492	3.8022	3.4566	-0.3485	2.353	0.826	8
0.2	9.225	1.9822257757	3.803	3.4564	-0.3507	2.35	0.824	8
0.2	9.225	1.9822278023	3.8038	3.4562	-0.3529	2.346	0.821	8
0.2	9.225	1.9822298288	3.8046	3.4559	-0.355	2.343	0.819	8
0.2	9.225	1.9822318554	3.8054	3.4557	-0.3572	2.339	0.817	8
0.2	9.225	1.982233882	3.8062	3.4555	-0.3594	2.336	0.815	8
0.2	9.225	1.9822359085	3.807	3.4553	-0.3616	2.332	0.812	8
0.2	9.225	1.9822379351	3.8078	3.455	-0.3637	2.329	0.81	8
0.2	9.225	1.9822399616	3.8086	3.4548	-0.3659	2.325	0.808	8
0.2	9.225	1.9822421074	3.8094	3.4546	-0.3681	2.321	0.805	8
0.2	9.225	1.9822441339	3.8102	3.4544	-0.3703	2.318	0.803	8
0.2	9.225	1.9822461605	3.811	3.4541	-0.3724	2.314	0.801	8
0.2	9.225	1.9822481871	3.8118	3.4539	-0.3746	2.311	0.798	8
0.2	9.225	1.9822502136	3.8126	3.4537	-0.3768	2.307	0.796	8
0.2	9.225	1.9822522402	3.8134	3.4535	-0.379	2.303	0.793	8
0.2	9.225	1.9822542667	3.8142	3.4533	-0.3812	2.3	0.791	8
0.2	9.225	1.9822562933	3.815	3.453	-0.3833	2.296	0.789	8
0.2	9.225	1.9822583199	3.8159	3.4528	-0.3855	2.292	0.786	8
0.2	9.225	1.9822603464	3.8167	3.4526	-0.3877	2.289	0.784	8
0.2	9.225	1.982262373	3.8175	3.4524	-0.3899	2.285	0.781	8
0.2	9.225	1.9822643995	3.8183	3.4521	-0.3921	2.281	0.779	8
0.2	9.225	1.9822664261	3.8191	3.4519	-0.3943	2.278	0.776	8
0.2	9.225	1.9822684526	3.8199	3.4517	-0.3964	2.274	0.774	8
0.2	9.225	1.98227036	3.8205	3.4512	-0.4004	2.27	0.772	8
0.2	9.225	1.9822723866	3.8212	3.4507	-0.4043	2.266	0.77	8
0.2	9.225	1.9822742939	3.8218	3.4503	-0.4083	2.261	0.769	8
0.2	9.225	1.9822763205	3.8225	3.4498	-0.4123	2.257	0.767	8
0.2	9.225	1.9822782278	3.8232	3.4493	-0.4163	2.252	0.764	8
0.2	9.225	1.9822802544	3.8238	3.4488	-0.4202	2.247	0.762	8
0.2	9.225	1.9822821617	3.8245	3.4483	-0.4242	2.242	0.76	8
0.2	9.225	1.9822840691	3.8252	3.4479	-0.4282	2.236	0.758	8
0.2	9.225	1.9822860956	3.8258	3.4474	-0.4322	2.231	0.755	8
0.2	9.225	1.982288003	3.8265	3.4469	-0.4362	2.226	0.753	8
0.2	9.225	1.9822900295	3.8271	3.4464	-0.4402	2.221	0.75	8
0.2	9.225	1.9822919369	3.8278	3.4459	-0.4442	2.215	0.748	8
0.2	9.225	1.9822938442	3.8285	3.4455	-0.4482	2.21	0.745	8
0.2	9.225	1.9822958708	3.8291	3.445	-0.4522	2.204	0.743	8
0.2	9.225	1.9822977781	3.8298	3.4445	-0.4562	2.199	0.74	8
0.2	9.225	1.9822998047	3.8304	3.444	-0.4603	2.193	0.738	8
0.2	9.225	1.982301712	3.8311	3.4436	-0.4643	2.188	0.735	8
0.2	9.225	1.9823037386	3.8318	3.4431	-0.4683	2.182	0.732	8
0.2	9.225	1.9823056459	3.8324	3.4426	-0.4724	2.177	0.73	8
0.2	9.225	1.9823075533	3.8331	3.4421	-0.4764	2.171	0.727	8
0.2	9.225	1.9823095798	3.8338	3.4416	-0.4805	2.165	0.724	8
0.2	9.225	1.9823114872	3.8344	3.4412	-0.4845	2.159	0.721	8
0.2	9.225	1.9823135138	3.8351	3.4407	-0.4886	2.153	0.718	8
0.2	9.225	1.9823154211	3.8357	3.4402	-0.4926	2.147	0.716	8
0.2	9.225	1.9823174477	3.8364	3.4397	-0.4967	2.144	0.714	8
0.2	9.225	1.982319355	3.8371	3.4392	-0.5008	2.144	0.716	8
0.2	9.225	1.9823211432	3.8378	3.4383	-0.5095	2.158	0.729	8
0.2	9.225	1.9823230505	3.8386	3.4374	-0.5183	2.172	0.742	8
0.2	9.225	1.9823248386	3.8393	3.4365	-0.5272	2.186	0.756	8
0.2	9.225	1.9823266268	3.8401	3.4355	-0.5361	2.2	0.769	8
0.2	9.225	1.9823285341	3.8408	3.4346	-0.545	2.215	0.782	8
0.2	9.225	1.9823303223	3.8416	3.4337	-0.554	2.229	0.795	8
0.2	9.225	1.9823321104	3.8423	3.4328	-0.563	2.243	0.809	8
0.2	9.225	1.9823338985	3.8431	3.4318	-0.5721	2.257	0.822	8
0.2	9.225	1.9823358059	3.8438	3.4309	-0.5812	2.271	0.835	8
0.2	9.225	1.982337594	3.8446	3.43	-0.5904	2.287	0.85	8
0.2	9.225	1.9823393822	3.8453	3.429	-0.5996	2.354	0.901	8
0.2	9.225	1.9823412895	3.8461	3.4281	-0.6089	2.421	0.953	8
0.2	9.225	1.9823430777	3.8468	3.4272	-0.6183	2.489	1.005	8
0.2	9.225	1.9823448658	3.8476	3.4263	-0.6277	2.556	1.057	8
0.2	9.225	1.9823467731	3.8483	3.4253	-0.6371	2.623	1.109	8
0.2	9.225	1.9823485613	3.8491	3.4244	-0.6466	2.69	1.161	8
0.2	9.225	1.9823503494	3.8498	3.4235	-0.6562	2.757	1.213	8
0.2	9.225	1.9823522568	3.8506	3.4226	-0.6658	2.824	1.265	8
0.2	9.225	1.9823540449	3.8514	3.4216	-0.6755	2.892	1.317	8
0.2	9.225	1.9823558331	3.8521	3.4207	-0.6853	2.959	1.369	8
0.2	9.225	1.9823576212	3.8529	3.4198	-0.6951	3.026	1.42	8
0.2	9.225	1.9823595285	3.8536	3.4189	-0.705	3.093	1.472	8
0.2	9.225	1.9823613167	3.8544	3.4179	-0.7149	3.16	1.524	8
0.2	9.225	1.9823631048	3.8551	3.417	-0.7249	3.228	1.576	8
0.2	9.225	1.9823650122	3.8559	3.4161	-0.735	3.295	1.628	8
0.2	9.225	1.9823668003	3.8566	3.4151	-0.7452	3.362	1.68	8
0.2	9.225	1.9823684692	3.8573	3.4207	-0.7318	2.949	1.358	8
0.2	9.225	1.9823701382	3.858	3.4262	-0.7185	2.537	1.036	8
0.2	9.225	1.9823716879	3.8588	3.4317	-0.7053	2.22	0.785	8
0.2	9.225	1.9823733568	3.8595	3.4372	-0.6923	2.123	0.693	8
0.2	9.225	1.9823750257	3.8602	3.4427	-0.6795	2.049	0.619	8
0.2	9.225	1.9823766947	3.8609	3.4482	-0.6668	1.999	0.563	8
0.2	9.225	1.9823783636	3.8616	3.4537	-0.6543	1.945	0.506	8
0.2	9.225	1.9823799133	3.8623	3.4593	-0.642	1.889	0.448	8
0.2	9.225	1.9823815823	3.8631	3.4648	-0.6299	1.813	0.38	8
0.2	9.225	1.9823832512	3.8638	3.4703	-0.618	1.733	0.309	8
0.2	9.225	1.9823849201	3.8645	3.4758	-0.6062	1.635	0.22	8
0.2	9.225	1.9823865891	3.8652	3.4813	-0.5948	1.532	0.122	8
0.2	9.225	1.982388258	3.8659	3.4868	-0.5835	1.408	-0.008	8
0.2	9.225	1.9823898077	3.8666	3.4923	-0.5725	1.256	-0.161	8
0.2	9.225	1.9823914766	3.8674	3.4979	-0.5617	1.066	-0.348	8
0.2	9.225	1.9823931456	3.8681	3.5034	-0.5512	0.853	-0.563	8
0.2	9.225	1.9823948145	3.8688	3.5089	-0.541	0.626	-0.794	8
0.2	9.225	1.9823964834	3.8695	3.5144	-0.531	0.374	-1.055	8
0.2	9.225	1.9823980331	3.8702	3.5199	-0.5214	0.116	-1.324	8
0.2	9.225	1.9823997021	3.8709	3.5254	-0.5121	-0.154	-1.59	8
0.2	9.225	1.982401371	3.8717	3.5309	-0.5031	-0.42	-1.853	8
0.2	9.225	1.9824030399	3.8724	3.5365	-0.4945	-0.658	-2.106	8
0.2	9.225	1.9824047089	3.8731	3.542	-0.4863	-0.883	-2.353	8
0.2	9.225	1.9824062586	3.8738	3.5475	-0.4785	-1.084	-2.584	8
0.2	9.225	1.9824079275	3.8745	3.553	-0.4712	-1.262	-2.796	8
0.2	9.225	1.9824095964	3.8752	3.5585	-0.4643	-1.422	-2.993	8
