# File generated by 'createIsoFiles.py' on Fri Nov 24 15:30:42 2017.
# Content of file: isochrone table with t = 1.68Gyr, [Fe/H] = -0.8.
# Isochrone tables in this file have been created by
# on the basis of PARSEC isochrones.
# NOTE: templates with M < 0.1 Msun have been.
# removed (considered below LMCO).
# -----------------------------------------------------------------
# FeH	log(age/yr)	M_ini	logL/Lo	logTeff	logg	 B	 V	 stage
-0.8	9.225	0.1000000015	-3.0484	3.4607	5.281	17.539	15.622	1
-0.8	9.225	0.1199999973	-2.7715	3.494	5.2168	15.864	14.064	1
-0.8	9.225	0.1400000006	-2.5861	3.5128	5.1735	14.934	13.213	1
-0.8	9.225	0.1599999964	-2.4465	3.5249	5.1401	14.318	12.655	1
-0.8	9.225	0.200000003	-2.2365	3.5407	5.0903	13.483	11.903	1
-0.8	9.225	0.25	-2.043	3.5532	5.0437	12.783	11.266	1
-0.8	9.225	0.3134217262	-1.8481	3.5645	4.9923	12.114	10.653	1
-0.8	9.225	0.3634217083	-1.6915	3.5728	4.9331	11.601	10.179	1
-0.8	9.225	0.4134217203	-1.5405	3.5846	4.8853	11.063	9.696	1
-0.8	9.225	0.4634217024	-1.37	3.6008	4.829	10.429	9.139	1
-0.8	9.225	0.5134217143	-1.1868	3.6231	4.7798	9.697	8.523	1
-0.8	9.225	0.534699738	-1.1052	3.6359	4.7669	9.339	8.23	1
-0.8	9.225	0.5634217262	-0.9998	3.6525	4.7507	8.864	7.848	1
-0.8	9.225	0.6134217381	-0.825	3.6813	4.7279	8.102	7.225	1
-0.8	9.225	0.6634216905	-0.6616	3.7075	4.7036	7.465	6.687	1
-0.8	9.225	0.6800499558	-0.6093	3.7161	4.6964	7.271	6.524	1
-0.8	9.225	0.7134217024	-0.5077	3.7328	4.6821	6.908	6.22	1
-0.8	9.225	0.7634217143	-0.3636	3.7556	4.6585	6.422	5.815	1
-0.8	9.225	0.7865034342	-0.3002	3.764	4.6418	6.222	5.644	1
-0.8	9.225	0.8134217262	-0.228	3.7735	4.6223	5.998	5.453	1
-0.8	9.225	0.8223090768	-0.2045	3.7763	4.6146	5.927	5.392	1
-0.8	9.225	0.8634217381	-0.0981	3.7886	4.5787	5.605	5.115	1
-0.8	9.225	0.8768461347	-0.0641	3.7923	4.566	5.504	5.027	1
-0.8	9.225	0.9134216905	0.0268	3.8019	4.5313	5.236	4.793	1
-0.8	9.225	0.9256309867	0.0564	3.805	4.52	5.15	4.717	1
-0.8	9.225	0.9590084553	0.1364	3.8134	4.4891	4.919	4.512	1
-0.8	9.225	0.9634217024	0.1468	3.8145	4.485	4.889	4.485	1
-0.8	9.225	0.9647631645	0.15	3.8149	4.4838	4.88	4.477	1
-0.8	9.225	0.9951874018	0.2209	3.8225	4.4569	4.674	4.295	1
-0.8	9.225	1.0134217739	0.2629	3.827	4.4407	4.553	4.187	1
-0.8	9.225	1.0339645147	0.3093	3.8323	4.4245	4.419	4.067	1
-0.8	9.225	1.0588951111	0.365	3.8387	4.4047	4.257	3.922	1
-0.8	9.225	1.0634217262	0.3751	3.8399	4.4011	4.228	3.896	1
-0.8	9.225	1.0810382366	0.4136	3.8449	4.3896	4.116	3.796	1
-0.8	9.225	1.1007295847	0.4562	3.8503	4.3767	3.991	3.686	1
-0.8	9.225	1.1134216785	0.4835	3.8538	4.3684	3.912	3.614	1
-0.8	9.225	1.1336578131	0.5249	3.8603	4.3607	3.788	3.506	1
-0.8	9.225	1.1617742777	0.5819	3.8691	4.3495	3.619	3.358	1
-0.8	9.225	1.1768434048	0.6121	3.8737	4.3433	3.53	3.279	1
-0.8	9.225	1.2211321592	0.7002	3.8888	4.3315	3.268	3.051	1
-0.8	9.225	1.2268434763	0.7115	3.8906	4.3297	3.235	3.022	1
-0.8	9.225	1.247543335	0.7517	3.897	4.322	3.118	2.919	1
-0.8	9.225	1.2768434286	0.8082	3.9052	4.3087	2.957	2.778	1
-0.8	9.225	1.3060472012	0.8642	3.9125	4.2916	2.799	2.639	1
-0.8	9.225	1.3268433809	0.9039	3.9173	4.2778	2.69	2.543	1
-0.8	9.225	1.3282808065	0.9067	3.9176	4.2767	2.682	2.536	1
-0.8	9.225	1.3558011055	0.9594	3.9234	4.2563	2.54	2.41	1
-0.8	9.225	1.3768434525	1.0006	3.9255	4.2302	2.431	2.309	1
-0.8	9.225	1.3987467289	1.0437	3.9269	4.1996	2.318	2.202	1
-0.8	9.225	1.4181984663	1.0821	3.9269	4.1671	2.218	2.105	1
-0.8	9.225	1.4268434048	1.0994	3.9261	4.1494	2.174	2.06	1
-0.8	9.225	1.437368989	1.1203	3.925	4.127	2.12	2.005	1
-0.8	9.225	1.4558916092	1.1568	3.9215	4.0823	2.027	1.907	1
-0.8	9.225	1.4711472988	1.187	3.917	4.0385	1.953	1.825	1
-0.8	9.225	1.4768434763	1.1983	3.9148	4.0203	1.927	1.793	1
-0.8	9.225	1.4906368256	1.2259	3.9084	3.9709	1.865	1.717	1
-0.8	9.225	1.5048048496	1.2544	3.9006	3.9153	1.804	1.64	1
-0.8	9.225	1.516327858	1.2794	3.8929	3.8627	1.755	1.574	1
-0.8	9.225	1.5268434286	1.306	3.8882	3.8203	1.696	1.506	1
-0.8	9.225	1.5269967318	1.3064	3.8881	3.8197	1.695	1.505	1
-0.8	9.225	1.5317946672	1.3269	3.8938	3.8234	1.629	1.454	1
-0.8	9.225	1.533967495	1.3452	3.9042	3.8474	1.561	1.412	1
-0.8	9.225	1.534789443	1.361	3.9145	3.873	1.504	1.382	1
-0.8	9.225	1.5352065563	1.3783	3.9249	3.8973	1.45	1.353	1
-0.8	9.225	1.5354343653	1.3984	3.9349	3.9173	1.398	1.324	1
-0.8	9.225	1.5355858803	1.4217	3.9445	3.9326	1.346	1.29	1
-0.8	9.225	1.5356314182	1.4263	3.9465	3.9358	1.337	1.284	2
-0.8	9.225	1.5357040167	1.4045	3.9397	3.9307	1.385	1.32	2
-0.8	9.225	1.5357711315	1.3904	3.9286	3.9004	1.417	1.33	2
-0.8	9.225	1.5358544588	1.4001	3.9174	3.8459	1.398	1.286	2
-0.8	9.225	1.5359708071	1.4169	3.9059	3.783	1.37	1.231	2
-0.8	9.225	1.5361243486	1.4287	3.8942	3.7246	1.361	1.194	2
-0.8	9.225	1.536323905	1.436	3.8824	3.67	1.371	1.175	2
-0.8	9.225	1.5365742445	1.4403	3.8703	3.6175	1.393	1.168	2
-0.8	9.225	1.5368695259	1.4425	3.8582	3.5667	1.423	1.168	2
-0.8	9.225	1.5371925831	1.4432	3.8463	3.5184	1.459	1.175	2
-0.8	9.225	1.5375221968	1.4428	3.8348	3.4731	1.5	1.186	2
-0.8	9.225	1.537842989	1.4411	3.8239	3.4314	1.544	1.2	2
-0.8	9.225	1.5381672382	1.4382	3.8132	3.3914	1.593	1.218	2
-0.8	9.225	1.5385142565	1.4332	3.8026	3.3541	1.651	1.242	2
-0.8	9.225	1.5389170647	1.4238	3.7916	3.3199	1.727	1.282	2
-0.8	9.225	1.5393593311	1.4068	3.7806	3.2929	1.829	1.346	2
-0.8	9.225	1.5397101641	1.386	3.7722	3.2801	1.925	1.412	2
-0.8	9.225	1.5400511026	1.3589	3.7643	3.2759	2.034	1.493	2
-0.8	9.225	1.5403751135	1.3303	3.7568	3.2744	2.145	1.577	2
-0.8	9.225	1.540798068	1.3057	3.7476	3.2622	2.258	1.657	2
-0.8	9.225	1.5409035683	1.3033	3.7455	3.2563	2.275	1.667	3
-0.8	9.225	1.5414413214	1.3235	3.7373	3.2033	2.273	1.635	3
-0.8	9.225	1.5419777632	1.3667	3.7318	3.1385	2.198	1.54	3
-0.8	9.225	1.5424062014	1.4071	3.7286	3.0852	2.117	1.447	3
-0.8	9.225	1.542822957	1.4482	3.7259	3.0335	2.031	1.351	3
-0.8	9.225	1.5432300568	1.489	3.7235	2.9834	1.944	1.255	3
-0.8	9.225	1.5436346531	1.5299	3.7213	2.9338	1.855	1.159	3
-0.8	9.225	1.5440379381	1.5704	3.7192	2.885	1.768	1.063	3
-0.8	9.225	1.5445412397	1.6202	3.7166	2.8247	1.662	0.947	3
-0.8	9.225	1.5450035334	1.6656	3.7142	2.7701	1.566	0.841	3
-0.8	9.225	1.5454874039	1.7129	3.7116	2.7126	1.466	0.731	3
-0.8	9.225	1.5459778309	1.7601	3.7091	2.6554	1.366	0.621	3
-0.8	9.225	1.5464462042	1.8041	3.7067	2.6017	1.275	0.52	3
-0.8	9.225	1.5469079018	1.8473	3.7042	2.549	1.186	0.421	3
-0.8	9.225	1.5474675894	1.8992	3.7013	2.4853	1.08	0.302	3
-0.8	9.225	1.5480525494	1.953	3.6981	2.419	0.973	0.178	3
-0.8	9.225	1.5486308336	2.005	3.6949	2.3546	0.87	0.06	3
-0.8	9.225	1.5492669344	2.0594	3.6916	2.2871	0.764	-0.063	3
-0.8	9.225	1.5497839451	2.1023	3.6889	2.2335	0.682	-0.16	3
-0.8	9.225	1.550581336	2.1588	3.6854	2.1632	0.575	-0.285	3
-0.8	9.225	1.5511136055	2.1801	3.6841	2.1369	0.534	-0.332	3
-0.8	9.225	1.5519907475	2.1005	3.6897	2.2389	0.679	-0.158	3
-0.8	9.225	1.5522550344	2.041	3.6937	2.3145	0.792	-0.025	3
-0.8	9.225	1.5524828434	1.9994	3.6964	2.367	0.872	0.069	3
-0.8	9.225	1.5529878139	2.0509	3.6932	2.3029	0.772	-0.048	3
-0.8	9.225	1.5534300804	2.0926	3.6906	2.2509	0.691	-0.142	3
-0.8	9.225	1.553966403	2.1427	3.6874	2.1883	0.596	-0.254	3
-0.8	9.225	1.55448699	2.1923	3.6843	2.126	0.503	-0.364	3
-0.8	9.225	1.5549758673	2.2407	3.6811	2.0651	0.413	-0.471	3
-0.8	9.225	1.5554403067	2.2886	3.6779	2.0046	0.326	-0.575	3
-0.8	9.225	1.5558773279	2.3359	3.6747	1.9446	0.243	-0.677	3
-0.8	9.225	1.5562841892	2.3825	3.6715	1.8853	0.164	-0.777	3
-0.8	9.225	1.5566645861	2.4287	3.6683	1.8263	0.087	-0.874	3
-0.8	9.225	1.5570166111	2.4742	3.6651	1.7681	0.012	-0.97	3
-0.8	9.225	1.5573459864	2.5195	3.6618	1.7099	-0.061	-1.064	3
-0.8	9.225	1.557652235	2.5643	3.6586	1.6521	-0.131	-1.156	3
-0.8	9.225	1.5579358339	2.6085	3.6554	1.5952	-0.2	-1.245	3
-0.8	9.225	1.5582001209	2.6524	3.6521	1.5383	-0.266	-1.334	3
-0.8	9.225	1.5584437847	2.6956	3.6489	1.482	-0.331	-1.419	3
-0.8	9.225	1.558667779	2.738	3.6456	1.4265	-0.393	-1.501	3
-0.8	9.225	1.5588766336	2.7801	3.6423	1.3714	-0.454	-1.582	3
-0.8	9.225	1.5590727329	2.8222	3.639	1.3163	-0.513	-1.662	3
-0.8	9.225	1.5592540503	2.8635	3.6358	1.262	-0.57	-1.739	3
-0.8	9.225	1.5594211817	2.9042	3.6327	1.2088	-0.627	-1.815	3
-0.8	9.225	1.5595774651	2.9446	3.6295	1.1555	-0.682	-1.89	3
-0.8	9.225	1.5597248077	2.9851	3.6263	1.1021	-0.733	-1.963	3
-0.8	9.225	1.5598597527	3.0242	3.6231	1.0502	-0.783	-2.032	3
-0.8	9.225	1.5599862337	3.0629	3.62	0.9991	-0.832	-2.101	3
-0.8	9.225	1.5601066351	3.1016	3.6169	0.9479	-0.864	-2.165	3
-0.8	9.225	1.5602205992	3.1399	3.6136	0.8966	-0.893	-2.227	3
-0.8	9.225	1.5603067875	3.169	3.6113	0.8581	-0.918	-2.276	4
-0.8	9.225	1.5613228083	1.8436	3.7214	2.6242	1.069	0.374	4
-0.8	9.225	1.5622605085	1.8496	3.7209	2.6164	1.057	0.36	4
-0.8	9.225	1.5632077456	1.8534	3.7209	2.6131	1.047	0.351	4
-0.8	9.225	1.5641771555	1.8564	3.7212	2.6115	1.038	0.343	4
-0.8	9.225	1.5651522875	1.8594	3.7215	2.6098	1.029	0.334	4
-0.8	9.225	1.5661332607	1.8626	3.7217	2.6079	1.019	0.326	4
-0.8	9.225	1.5671275854	1.866	3.722	2.6059	1.009	0.316	4
-0.8	9.225	1.5681958199	1.8696	3.7223	2.6036	0.998	0.307	4
-0.8	9.225	1.569205761	1.8733	3.7225	2.6011	0.987	0.297	4
-0.8	9.225	1.5702818632	1.8773	3.7227	2.5984	0.975	0.286	4
-0.8	9.225	1.5712940693	1.881	3.7229	2.5957	0.965	0.276	4
-0.8	9.225	1.572368145	1.8851	3.7231	2.5927	0.953	0.265	4
-0.8	9.225	1.573415637	1.8892	3.7233	2.5897	0.942	0.255	4
-0.8	9.225	1.5745139122	1.8934	3.7235	2.5865	0.93	0.244	4
-0.8	9.225	1.5755748749	1.8976	3.7237	2.5834	0.918	0.233	4
-0.8	9.225	1.5758930445	1.8988	3.7237	2.5824	0.915	0.23	4
-0.8	9.225	1.5766191483	1.9017	3.7238	2.5801	0.907	0.222	4
-0.8	9.225	1.5776976347	1.9059	3.7239	2.5768	0.895	0.211	4
-0.8	9.225	1.5788314342	1.9103	3.724	2.5731	0.883	0.2	4
-0.8	9.225	1.5799070597	1.9145	3.7241	2.5696	0.872	0.189	4
-0.8	9.225	1.5806031227	1.9172	3.7242	2.5673	0.865	0.182	4
-0.8	9.225	1.5812162161	1.9195	3.7242	2.5653	0.859	0.177	4
-0.8	9.225	1.5822637081	1.9233	3.7242	2.5619	0.85	0.167	4
-0.8	9.225	1.5832742453	1.927	3.7242	2.5584	0.84	0.158	4
-0.8	9.225	1.5838167667	1.9292	3.7241	2.5561	0.836	0.152	4
-0.8	9.225	1.5843095779	1.9309	3.7241	2.5544	0.831	0.148	4
-0.8	9.225	1.5853686333	1.9347	3.724	2.5504	0.823	0.139	4
-0.8	9.225	1.5864347219	1.9386	3.7238	2.546	0.814	0.13	4
-0.8	9.225	1.587501049	1.9426	3.7235	2.5412	0.806	0.121	4
-0.8	9.225	1.5886086226	1.9468	3.7231	2.5357	0.798	0.111	4
-0.8	9.225	1.5896931887	1.9512	3.7226	2.5297	0.791	0.101	4
-0.8	9.225	1.590811491	1.9564	3.7219	2.5219	0.783	0.091	4
-0.8	9.225	1.5920431614	1.9627	3.721	2.5125	0.773	0.077	4
-0.8	9.225	1.5932651758	1.9713	3.7195	2.4981	0.762	0.06	4
-0.8	9.225	1.59443295	1.9871	3.7167	2.4713	0.744	0.029	4
-0.8	9.225	1.5953285694	2.0236	3.7114	2.4138	0.693	-0.046	4
-0.8	9.225	1.5956206322	2.0641	3.7067	2.3546	0.629	-0.132	4
-0.8	9.225	1.5957084894	2.105	3.7026	2.2976	0.56	-0.221	4
-0.8	9.225	1.5957430601	2.1455	3.699	2.2424	0.49	-0.309	4
-0.8	9.225	1.5957443714	2.1476	3.6988	2.2396	0.486	-0.314	7
-0.8	9.225	1.5957446098	2.1481	3.6987	2.239	0.486	-0.315	7
-0.8	9.225	1.595766902	2.1941	3.695	2.1781	0.404	-0.415	7
-0.8	9.225	1.5957849026	2.2326	3.6919	2.1272	0.335	-0.5	7
-0.8	9.225	1.5958024263	2.2665	3.6892	2.0825	0.275	-0.573	7
-0.8	9.225	1.5958272219	2.2881	3.6876	2.0546	0.237	-0.62	7
-0.8	9.225	1.5958746672	2.265	3.6895	2.0854	0.276	-0.571	7
-0.8	9.225	1.5959328413	2.2367	3.6918	2.1226	0.326	-0.509	7
-0.8	9.225	1.5962355137	2.2073	3.6941	2.1613	0.379	-0.444	7
-0.8	9.225	1.5967414379	2.2348	3.6918	2.1249	0.331	-0.504	7
-0.8	9.225	1.5971146822	2.2716	3.6888	2.0763	0.266	-0.584	7
-0.8	9.225	1.5974440575	2.3114	3.6857	2.024	0.197	-0.67	7
-0.8	9.225	1.5977292061	2.3555	3.6822	1.9661	0.122	-0.764	7
-0.8	9.225	1.597974062	2.3993	3.6788	1.9087	0.048	-0.857	7
-0.8	9.225	1.5981860161	2.4407	3.6756	1.8545	-0.018	-0.944	7
-0.8	9.225	1.5983732939	2.4816	3.6724	1.8007	-0.084	-1.03	7
-0.8	9.225	1.5985394716	2.522	3.6692	1.7476	-0.148	-1.113	7
-0.8	9.225	1.5986908674	2.5626	3.666	1.6942	-0.21	-1.196	7
-0.8	9.225	1.59882617	2.6032	3.6627	1.6406	-0.272	-1.279	7
-0.8	9.225	1.5989495516	2.6438	3.6594	1.587	-0.332	-1.361	7
-0.8	9.225	1.5990601778	2.6827	3.6563	1.5355	-0.389	-1.437	7
-0.8	9.225	1.5991681814	2.7221	3.6531	1.4835	-0.446	-1.514	7
-0.8	9.225	1.5992723703	2.7612	3.6499	1.4314	-0.503	-1.591	7
-0.8	9.225	1.5993734598	2.8001	3.6467	1.3797	-0.557	-1.664	7
-0.8	9.225	1.599473238	2.8388	3.6434	1.3281	-0.61	-1.737	7
-0.8	9.225	1.5995727777	2.8786	3.6401	1.2751	-0.664	-1.812	7
-0.8	9.225	1.5996688604	2.9225	3.6364	1.2164	-0.721	-1.891	7
-0.8	9.225	1.5997496843	2.9733	3.6321	1.1483	-0.786	-1.983	7
-0.8	9.225	1.5998034477	3.0203	3.6281	1.0853	-0.845	-2.067	7
-0.8	9.225	1.5998462439	3.0617	3.6245	1.0296	-0.894	-2.139	7
-0.8	9.225	1.59988904	3.1069	3.6206	0.9689	-0.939	-2.216	7
-0.8	9.225	1.5999269485	3.15	3.6169	0.9107	-0.971	-2.285	7
-0.8	9.225	1.5999625921	3.2184	3.6108	0.8179	-1.018	-2.392	7
-0.8	9.225	1.5999867916	3.2749	3.6057	0.7411	-1.051	-2.476	7
-0.8	9.225	1.5999928713	3.2964	3.6038	0.7121	-1.063	-2.508	7
-0.8	9.225	1.5999929905	3.2843	3.6048	0.7296	-1.056	-2.49	8
-0.8	9.225	1.5999931097	3.2644	3.6065	0.7588	-1.045	-2.46	8
-0.8	9.225	1.5999932289	3.2444	3.6083	0.7881	-1.033	-2.43	8
-0.8	9.225	1.5999933481	3.2204	3.6104	0.8231	-1.019	-2.394	8
-0.8	9.225	1.5999934673	3.2005	3.6121	0.8523	-1.006	-2.362	8
-0.8	9.225	1.5999971628	3.1978	3.6123	0.8565	-1.003	-2.357	8
-0.8	9.225	1.6000008583	3.2031	3.6118	0.8489	-1.007	-2.365	8
-0.8	9.225	1.6000045538	3.2084	3.6113	0.8414	-1.01	-2.374	8
-0.8	9.225	1.6000082493	3.2138	3.6108	0.8339	-1.013	-2.382	8
-0.8	9.225	1.6000119448	3.2191	3.6103	0.8264	-1.016	-2.39	8
-0.8	9.225	1.6000156403	3.2244	3.6098	0.8189	-1.019	-2.398	8
-0.8	9.225	1.6000192165	3.2297	3.6093	0.8114	-1.022	-2.405	8
-0.8	9.225	1.600022912	3.2351	3.6088	0.8039	-1.024	-2.413	8
-0.8	9.225	1.6000266075	3.2404	3.6083	0.7964	-1.027	-2.421	8
-0.8	9.225	1.600030303	3.2457	3.6078	0.7888	-1.03	-2.428	8
-0.8	9.225	1.6000339985	3.251	3.6073	0.7813	-1.032	-2.436	8
-0.8	9.225	1.600037694	3.2564	3.6068	0.7738	-1.035	-2.444	8
-0.8	9.225	1.6000413895	3.2617	3.6063	0.7663	-1.038	-2.451	8
-0.8	9.225	1.600045085	3.267	3.6058	0.7588	-1.04	-2.459	8
-0.8	9.225	1.6000487804	3.2723	3.6053	0.7513	-1.043	-2.467	8
-0.8	9.225	1.6000524759	3.2776	3.6048	0.7438	-1.045	-2.474	8
-0.8	9.225	1.6000561714	3.283	3.6043	0.7363	-1.048	-2.482	8
-0.8	9.225	1.6000598669	3.2883	3.6038	0.7287	-1.051	-2.49	8
-0.8	9.225	1.6000635624	3.2936	3.6033	0.7212	-1.053	-2.497	8
-0.8	9.225	1.6000671387	3.2989	3.6028	0.7137	-1.056	-2.505	8
-0.8	9.225	1.6000708342	3.3043	3.6024	0.7062	-1.059	-2.513	8
-0.8	9.225	1.6000745296	3.3096	3.6019	0.6987	-1.061	-2.52	8
-0.8	9.225	1.6000782251	3.3149	3.6014	0.6912	-1.064	-2.528	8
-0.8	9.225	1.6000819206	3.3202	3.6009	0.6837	-1.066	-2.536	8
-0.8	9.225	1.6000856161	3.3256	3.6004	0.6761	-1.069	-2.543	8
-0.8	9.225	1.6000893116	3.3309	3.5999	0.6686	-1.072	-2.551	8
-0.8	9.225	1.60009408	3.3341	3.5995	0.6637	-1.072	-2.555	8
-0.8	9.225	1.6000988483	3.3373	3.5992	0.6589	-1.073	-2.559	8
-0.8	9.225	1.6001036167	3.3405	3.5989	0.654	-1.073	-2.563	8
-0.8	9.225	1.6001083851	3.3437	3.5985	0.6491	-1.074	-2.567	8
-0.8	9.225	1.6001131535	3.3469	3.5982	0.6442	-1.075	-2.571	8
-0.8	9.225	1.6001179218	3.35	3.5979	0.6394	-1.075	-2.575	8
-0.8	9.225	1.6001226902	3.3532	3.5975	0.6345	-1.076	-2.579	8
-0.8	9.225	1.6001274586	3.3564	3.5972	0.6296	-1.077	-2.583	8
-0.8	9.225	1.6001322269	3.3596	3.5969	0.6247	-1.077	-2.587	8
-0.8	9.225	1.6001369953	3.3628	3.5965	0.6198	-1.078	-2.591	8
-0.8	9.225	1.6001417637	3.366	3.5962	0.615	-1.078	-2.595	8
-0.8	9.225	1.6001465321	3.3692	3.5959	0.6101	-1.079	-2.599	8
-0.8	9.225	1.6001513004	3.3724	3.5955	0.6052	-1.08	-2.603	8
-0.8	9.225	1.600156188	3.3756	3.5952	0.6003	-1.08	-2.607	8
-0.8	9.225	1.6001609564	3.3788	3.5949	0.5954	-1.081	-2.61	8
-0.8	9.225	1.6001657248	3.382	3.5945	0.5906	-1.081	-2.614	8
-0.8	9.225	1.6001704931	3.3852	3.5942	0.5857	-1.082	-2.618	8
-0.8	9.225	1.6001752615	3.3884	3.5939	0.5808	-1.083	-2.622	8
-0.8	9.225	1.6001800299	3.3916	3.5935	0.5759	-1.083	-2.626	8
-0.8	9.225	1.6001847982	3.3948	3.5932	0.571	-1.084	-2.63	8
-0.8	9.225	1.6001895666	3.398	3.5928	0.5661	-1.084	-2.634	8
-0.8	9.225	1.600194335	3.4012	3.5925	0.5613	-1.085	-2.638	8
-0.8	9.225	1.6001991034	3.4044	3.5922	0.5564	-1.086	-2.642	8
-0.8	9.225	1.6002038717	3.4075	3.5918	0.5515	-1.086	-2.646	8
-0.8	9.225	1.6002086401	3.4107	3.5915	0.5466	-1.087	-2.65	8
-0.8	9.225	1.6002134085	3.4139	3.5912	0.5417	-1.087	-2.654	8
-0.8	9.225	1.6002190113	3.417	3.5908	0.5366	-1.087	-2.658	8
-0.8	9.225	1.6002247334	3.4201	3.5905	0.5315	-1.087	-2.661	8
-0.8	9.225	1.6002303362	3.4232	3.5901	0.5264	-1.086	-2.664	8
-0.8	9.225	1.600235939	3.4263	3.5897	0.5212	-1.086	-2.667	8
-0.8	9.225	1.6002416611	3.4294	3.5894	0.5161	-1.085	-2.67	8
-0.8	9.225	1.6002472639	3.4324	3.589	0.511	-1.084	-2.673	8
-0.8	9.225	1.6002528667	3.4355	3.5886	0.5058	-1.084	-2.676	8
-0.8	9.225	1.6002584696	3.4386	3.5883	0.5007	-1.083	-2.679	8
-0.8	9.225	1.6002641916	3.4417	3.5879	0.4956	-1.083	-2.682	8
-0.8	9.225	1.6002697945	3.4448	3.5876	0.4904	-1.083	-2.685	8
-0.8	9.225	1.6002753973	3.4479	3.5872	0.4853	-1.082	-2.688	8
-0.8	9.225	1.6002811193	3.451	3.5868	0.4802	-1.082	-2.69	8
-0.8	9.225	1.6002867222	3.454	3.5865	0.475	-1.082	-2.693	8
-0.8	9.225	1.600292325	3.4571	3.5861	0.4699	-1.082	-2.696	8
-0.8	9.225	1.6002980471	3.4602	3.5857	0.4648	-1.081	-2.699	8
-0.8	9.225	1.6003036499	3.4633	3.5854	0.4596	-1.081	-2.702	8
-0.8	9.225	1.6003092527	3.4664	3.585	0.4545	-1.081	-2.704	8
-0.8	9.225	1.6003149748	3.4695	3.5847	0.4493	-1.081	-2.707	8
-0.8	9.225	1.6003205776	3.4725	3.5843	0.4442	-1.081	-2.71	8
-0.8	9.225	1.6003261805	3.4756	3.5839	0.4391	-1.08	-2.713	8
-0.8	9.225	1.6003317833	3.4787	3.5836	0.4339	-1.08	-2.715	8
-0.8	9.225	1.6003375053	3.4818	3.5832	0.4288	-1.08	-2.718	8
-0.8	9.225	1.6003431082	3.4849	3.5828	0.4236	-1.08	-2.721	8
-0.8	9.225	1.600348711	3.488	3.5825	0.4185	-1.08	-2.724	8
-0.8	9.225	1.6003544331	3.4911	3.5821	0.4133	-1.079	-2.727	8
-0.8	9.225	1.6003600359	3.4941	3.5817	0.4082	-1.079	-2.729	8
-0.8	9.225	1.6003657579	3.4972	3.5812	0.4021	-1.076	-2.73	8
-0.8	9.225	1.6003713608	3.5003	3.5807	0.3961	-1.072	-2.731	8
-0.8	9.225	1.6003770828	3.5033	3.5802	0.39	-1.069	-2.731	8
-0.8	9.225	1.6003828049	3.5064	3.5797	0.3839	-1.065	-2.731	8
-0.8	9.225	1.6003885269	3.5094	3.5791	0.3779	-1.061	-2.731	8
-0.8	9.225	1.6003941298	3.5125	3.5786	0.3718	-1.057	-2.731	8
-0.8	9.225	1.6003998518	3.5156	3.5781	0.3657	-1.053	-2.731	8
-0.8	9.225	1.6004055738	3.5186	3.5776	0.3596	-1.049	-2.731	8
-0.8	9.225	1.6004112959	3.5217	3.577	0.3535	-1.045	-2.73	8
-0.8	9.225	1.6004168987	3.5247	3.5765	0.3475	-1.041	-2.73	8
-0.8	9.225	1.6004226208	3.5278	3.576	0.3414	-1.037	-2.73	8
-0.8	9.225	1.6004283428	3.5309	3.5755	0.3353	-1.033	-2.73	8
-0.8	9.225	1.6004340649	3.5339	3.5749	0.3292	-1.029	-2.73	8
-0.8	9.225	1.6004396677	3.537	3.5744	0.3231	-1.025	-2.729	8
-0.8	9.225	1.6004453897	3.54	3.5739	0.317	-1.021	-2.729	8
-0.8	9.225	1.6004511118	3.5431	3.5734	0.3109	-1.017	-2.729	8
-0.8	9.225	1.6004567146	3.5462	3.5728	0.3048	-1.013	-2.729	8
-0.8	9.225	1.6004624367	3.5492	3.5723	0.2987	-1.009	-2.729	8
-0.8	9.225	1.6004681587	3.5523	3.5718	0.2926	-1.005	-2.729	8
-0.8	9.225	1.6004738808	3.5553	3.5713	0.2865	-1.002	-2.728	8
-0.8	9.225	1.6004794836	3.5584	3.5708	0.2804	-0.998	-2.728	8
-0.8	9.225	1.6004852057	3.5615	3.5702	0.2743	-0.994	-2.728	8
-0.8	9.225	1.6004909277	3.5645	3.5697	0.2682	-0.989	-2.727	8
-0.8	9.225	1.6004966497	3.5676	3.5692	0.2621	-0.985	-2.726	8
-0.8	9.225	1.6005022526	3.5707	3.5687	0.256	-0.98	-2.724	8
-0.8	9.225	1.6005079746	3.5737	3.5681	0.2499	-0.975	-2.722	8
-0.8	9.225	1.6005119085	3.5761	3.5675	0.244	-0.967	-2.717	8
-0.8	9.225	1.6005159616	3.5784	3.5669	0.2381	-0.958	-2.712	8
-0.8	9.225	1.6005198956	3.5808	3.5662	0.2322	-0.95	-2.707	8
-0.8	9.225	1.6005238295	3.5831	3.5656	0.2263	-0.942	-2.702	8
-0.8	9.225	1.6005277634	3.5855	3.565	0.2204	-0.933	-2.697	8
-0.8	9.225	1.6005318165	3.5878	3.5643	0.2145	-0.924	-2.691	8
-0.8	9.225	1.6005357504	3.5902	3.5637	0.2086	-0.916	-2.686	8
-0.8	9.225	1.6005396843	3.5925	3.5631	0.2027	-0.907	-2.681	8
-0.8	9.225	1.6005436182	3.5949	3.5624	0.1968	-0.726	-2.868	8
-0.8	9.225	1.6005476713	3.5972	3.5618	0.1909	-0.722	-2.866	8
-0.8	9.225	1.6005516052	3.5996	3.5612	0.185	-0.718	-2.864	8
-0.8	9.225	1.6005555391	3.6019	3.5605	0.1791	-0.714	-2.861	8
-0.8	9.225	1.600559473	3.6043	3.5599	0.1732	-0.711	-2.859	8
-0.8	9.225	1.6005635262	3.6066	3.5593	0.1673	-0.707	-2.857	8
-0.8	9.225	1.6005674601	3.609	3.5586	0.1613	-0.703	-2.855	8
-0.8	9.225	1.600571394	3.6113	3.558	0.1554	-0.7	-2.852	8
-0.8	9.225	1.6005754471	3.6137	3.5574	0.1495	-0.696	-2.85	8
-0.8	9.225	1.600579381	3.616	3.5567	0.1436	-0.692	-2.848	8
-0.8	9.225	1.6005833149	3.6184	3.5561	0.1376	-0.688	-2.845	8
-0.8	9.225	1.6005872488	3.6207	3.5555	0.1317	-0.684	-2.843	8
-0.8	9.225	1.6005913019	3.6231	3.5548	0.1258	-0.68	-2.84	8
-0.8	9.225	1.6005952358	3.6254	3.5542	0.1198	-0.675	-2.837	8
-0.8	9.225	1.6005991697	3.6278	3.5536	0.1139	-0.671	-2.834	8
-0.8	9.225	1.6006031036	3.6301	3.5529	0.108	-0.666	-2.831	8
-0.8	9.225	1.6006071568	3.6325	3.5523	0.102	-0.663	-2.828	8
-0.8	9.225	1.6006110907	3.6348	3.5517	0.0961	-0.66	-2.825	8
-0.8	9.225	1.6006147861	3.637	3.5507	0.0887	-0.651	-2.817	8
-0.8	9.225	1.6006186008	3.6391	3.5497	0.0813	-0.642	-2.808	8
-0.8	9.225	1.6006222963	3.6413	3.5487	0.0739	-0.633	-2.8	8
-0.8	9.225	1.6006259918	3.6434	3.5477	0.0665	-0.624	-2.791	8
-0.8	9.225	1.6006298065	3.6456	3.5467	0.0591	-0.615	-2.783	8
-0.8	9.225	1.600633502	3.6477	3.5457	0.0517	-0.607	-2.775	8
-0.8	9.225	1.6006371975	3.6498	3.5447	0.0443	-0.598	-2.766	8
-0.8	9.225	1.600640893	3.652	3.5437	0.0369	-0.59	-2.758	8
-0.8	9.225	1.6006447077	3.6541	3.5428	0.0294	-0.581	-2.749	8
-0.8	9.225	1.6006484032	3.6563	3.5418	0.022	-0.572	-2.74	8
-0.8	9.225	1.6006520987	3.6584	3.5408	0.0146	-0.563	-2.731	8
-0.8	9.225	1.6006559134	3.6605	3.5398	0.0072	-0.554	-2.723	8
-0.8	9.225	1.6006596088	3.6627	3.5388	-0.0003	-0.546	-2.714	8
-0.8	9.225	1.6006633043	3.6648	3.5378	-0.0077	-0.536	-2.705	8
-0.8	9.225	1.600667119	3.667	3.5368	-0.0152	-0.526	-2.695	8
-0.8	9.225	1.6006708145	3.6691	3.5358	-0.0226	-0.514	-2.685	8
-0.8	9.225	1.60067451	3.6713	3.5348	-0.0301	-0.501	-2.675	8
-0.8	9.225	1.6006783247	3.6734	3.5338	-0.0375	-0.488	-2.665	8
-0.8	9.225	1.6006820202	3.6755	3.5328	-0.045	-0.475	-2.655	8
-0.8	9.225	1.6006857157	3.6777	3.5319	-0.0525	-0.461	-2.644	8
-0.8	9.225	1.6006894112	3.6798	3.5309	-0.0599	-0.448	-2.634	8
-0.8	9.225	1.6006932259	3.682	3.5299	-0.0674	-0.435	-2.624	8
-0.8	9.225	1.6006969213	3.6841	3.5289	-0.0749	-0.423	-2.614	8
-0.8	9.225	1.6007006168	3.6863	3.5279	-0.0824	-0.41	-2.604	8
-0.8	9.225	1.6007044315	3.6884	3.5269	-0.0898	-0.398	-2.595	8
-0.8	9.225	1.600708127	3.6905	3.5259	-0.0973	-0.386	-2.585	8
-0.8	9.225	1.6007115841	3.6925	3.5249	-0.1049	-0.373	-2.575	8
-0.8	9.225	1.6007150412	3.6945	3.524	-0.1125	-0.361	-2.565	8
-0.8	9.225	1.6007186174	3.6965	3.523	-0.1201	-0.349	-2.555	8
-0.8	9.225	1.6007220745	3.6985	3.5221	-0.1277	-0.337	-2.546	8
-0.8	9.225	1.6007255316	3.7005	3.5211	-0.1353	-0.325	-2.536	8
-0.8	9.225	1.6007289886	3.7024	3.5202	-0.1429	-0.313	-2.526	8
-0.8	9.225	1.6007325649	3.7044	3.5192	-0.1506	-0.301	-2.517	8
-0.8	9.225	1.600736022	3.7064	3.5182	-0.1582	-0.289	-2.507	8
-0.8	9.225	1.6007394791	3.7084	3.5173	-0.1659	-0.278	-2.499	8
-0.8	9.225	1.6007429361	3.7104	3.5163	-0.1735	-0.267	-2.491	8
-0.8	9.225	1.6007465124	3.7124	3.5154	-0.1812	-0.257	-2.483	8
-0.8	9.225	1.6007499695	3.7144	3.5144	-0.1888	-0.246	-2.475	8
-0.8	9.225	1.6007534266	3.7163	3.5135	-0.1965	-0.235	-2.467	8
-0.8	9.225	1.6007568836	3.7183	3.5125	-0.2042	-0.226	-2.459	8
-0.8	9.225	1.6007603407	3.7203	3.5116	-0.2119	-0.216	-2.452	8
-0.8	9.225	1.600763917	3.7223	3.5106	-0.2196	-0.206	-2.444	8
-0.8	9.225	1.600767374	3.7243	3.5096	-0.2273	-0.196	-2.436	8
-0.8	9.225	1.6007708311	3.7263	3.5087	-0.235	-0.185	-2.428	8
-0.8	9.225	1.6007742882	3.7282	3.5077	-0.2427	-0.174	-2.42	8
-0.8	9.225	1.6007778645	3.7302	3.5068	-0.2505	-0.163	-2.411	8
-0.8	9.225	1.6007813215	3.7322	3.5058	-0.2582	-0.151	-2.402	8
-0.8	9.225	1.6007847786	3.7342	3.5049	-0.266	-0.14	-2.393	8
-0.8	9.225	1.6007882357	3.7362	3.5039	-0.2737	-0.13	-2.386	8
-0.8	9.225	1.6007918119	3.7382	3.5029	-0.2815	-0.12	-2.379	8
-0.8	9.225	1.600795269	3.7402	3.502	-0.2893	-0.11	-2.372	8
-0.8	9.225	1.6007987261	3.7421	3.501	-0.297	-0.1	-2.365	8
-0.8	9.225	1.6008018255	3.7432	3.5016	-0.3011	-0.11	-2.374	8
-0.8	9.225	1.600804925	3.7443	3.5022	-0.3053	-0.12	-2.382	8
-0.8	9.225	1.6008081436	3.7454	3.5028	-0.3095	-0.13	-2.391	8
-0.8	9.225	1.6008112431	3.7464	3.5034	-0.3138	-0.14	-2.4	8
-0.8	9.225	1.6008143425	3.7475	3.5039	-0.3182	-0.15	-2.408	8
-0.8	9.225	1.6008174419	3.7486	3.5045	-0.3226	-0.16	-2.417	8
-0.8	9.225	1.6008205414	3.7497	3.5051	-0.3271	-0.17	-2.426	8
-0.8	9.225	1.60082376	3.7507	3.5057	-0.3317	-0.182	-2.436	8
-0.8	9.225	1.6008268595	3.7518	3.5063	-0.3364	-0.194	-2.446	8
-0.8	9.225	1.6008299589	3.7529	3.5068	-0.3412	-0.206	-2.457	8
-0.8	9.225	1.6008330584	3.754	3.5074	-0.346	-0.218	-2.467	8
-0.8	9.225	1.6008361578	3.755	3.508	-0.3509	-0.231	-2.478	8
-0.8	9.225	1.6008393764	3.7561	3.5086	-0.356	-0.243	-2.488	8
-0.8	9.225	1.6008424759	3.7572	3.5092	-0.3611	-0.256	-2.499	8
-0.8	9.225	1.6008455753	3.7583	3.5097	-0.3663	-0.268	-2.51	8
-0.8	9.225	1.6008486748	3.7593	3.5103	-0.3716	-0.281	-2.52	8
-0.8	9.225	1.6008517742	3.7604	3.5109	-0.377	-0.294	-2.531	8
-0.8	9.225	1.6008548737	3.7615	3.5115	-0.3825	-0.307	-2.542	8
-0.8	9.225	1.6008580923	3.7626	3.5121	-0.3881	-0.32	-2.553	8
-0.8	9.225	1.6008611917	3.7636	3.5127	-0.3938	-0.333	-2.563	8
-0.8	9.225	1.6008642912	3.7647	3.5132	-0.3996	-0.346	-2.574	8
-0.8	9.225	1.6008673906	3.7658	3.5138	-0.4056	-0.36	-2.585	8
-0.8	9.225	1.6008704901	3.7669	3.5144	-0.4117	-0.373	-2.596	8
-0.8	9.225	1.6008737087	3.7679	3.515	-0.4179	-0.387	-2.607	8
-0.8	9.225	1.6008768082	3.769	3.5156	-0.4242	-0.401	-2.618	8
-0.8	9.225	1.6008799076	3.7701	3.5161	-0.4306	-0.414	-2.629	8
-0.8	9.225	1.6008809805	3.7672	3.5193	-0.4188	-0.465	-2.667	8
-0.8	9.225	1.6008821726	3.7643	3.5225	-0.407	-0.506	-2.702	8
-0.8	9.225	1.6008832455	3.7614	3.5257	-0.3952	-0.547	-2.737	8
-0.8	9.225	1.6008844376	3.7585	3.5289	-0.3835	-0.589	-2.772	8
-0.8	9.225	1.6008855104	3.7556	3.532	-0.3718	-0.632	-2.809	8
-0.8	9.225	1.6008867025	3.7527	3.5352	-0.3601	-0.688	-2.853	8
-0.8	9.225	1.6008877754	3.7498	3.5384	-0.3485	-0.744	-2.897	8
-0.8	9.225	1.6008889675	3.7469	3.5416	-0.3369	-0.8	-2.941	8
-0.8	9.225	1.6008900404	3.744	3.5448	-0.3253	-0.852	-2.984	8
-0.8	9.225	1.6008912325	3.7411	3.5479	-0.3138	-0.893	-3.019	8
-0.8	9.225	1.6008923054	3.7382	3.5511	-0.3023	-0.933	-3.055	8
-0.8	9.225	1.6008934975	3.7353	3.5543	-0.2909	-0.973	-3.09	8
-0.8	9.225	1.6008945704	3.7325	3.5575	-0.2795	-1.013	-3.125	8
-0.8	9.225	1.6008956432	3.7296	3.5607	-0.2681	-1.051	-3.159	8
-0.8	9.225	1.6008968353	3.7267	3.5638	-0.2568	-1.088	-3.192	8
-0.8	9.225	1.6008979082	3.7238	3.567	-0.2455	-1.126	-3.225	8
-0.8	9.225	1.6008991003	3.7209	3.5702	-0.2343	-1.162	-3.257	8
-0.8	9.225	1.6009001732	3.718	3.5734	-0.2231	-1.197	-3.289	8
-0.8	9.225	1.6009013653	3.7151	3.5766	-0.2119	-1.233	-3.321	8
-0.8	9.225	1.6009024382	3.7122	3.5797	-0.2008	-1.268	-3.352	8
-0.8	9.225	1.6009036303	3.7093	3.5829	-0.1898	-1.298	-3.379	8
-0.8	9.225	1.6009047031	3.7064	3.5861	-0.1788	-1.328	-3.405	8
-0.8	9.225	1.6009058952	3.7035	3.5893	-0.1678	-1.358	-3.432	8
-0.8	9.225	1.6009069681	3.7006	3.5925	-0.1569	-1.388	-3.458	8
-0.8	9.225	1.6009081602	3.6977	3.5956	-0.1461	-1.417	-3.483	8
-0.8	9.225	1.6009092331	3.6948	3.5988	-0.1353	-1.446	-3.508	8
