# File generated by 'createIsoFiles.py' on Fri Nov 24 15:30:42 2017.
# Content of file: isochrone table with t = 3.35Gyr, [Fe/H] = -0.8.
# Isochrone tables in this file have been created by
# on the basis of PARSEC isochrones.
# NOTE: templates with M < 0.1 Msun have been.
# removed (considered below LMCO).
# -----------------------------------------------------------------
# FeH	log(age/yr)	M_ini	logL/Lo	logTeff	logg	 B	 V	 stage
-0.8	9.525	0.1000000015	-3.0482	3.4607	5.2812	17.536	15.62	1
-0.8	9.525	0.1199999973	-2.7708	3.4942	5.2166	15.859	14.06	1
-0.8	9.525	0.1400000006	-2.5854	3.5129	5.1733	14.928	13.209	1
-0.8	9.525	0.1599999964	-2.4455	3.525	5.1398	14.312	12.65	1
-0.8	9.525	0.1772986799	-2.3483	3.5323	5.1163	13.921	12.297	1
-0.8	9.525	0.200000003	-2.2343	3.5409	5.0887	13.474	11.896	1
-0.8	9.525	0.25	-2.037	3.5533	5.0381	12.765	11.25	1
-0.8	9.525	0.3134217262	-1.8379	3.5645	4.9822	12.088	10.627	1
-0.8	9.525	0.3261104822	-1.7978	3.5668	4.9682	11.954	10.504	1
-0.8	9.525	0.3634217083	-1.6867	3.5728	4.9284	11.588	10.167	1
-0.8	9.525	0.4134217203	-1.5345	3.5846	4.8794	11.047	9.68	1
-0.8	9.525	0.4634217024	-1.3624	3.601	4.8222	10.408	9.119	1
-0.8	9.525	0.5134217143	-1.1765	3.624	4.773	9.661	8.492	1
-0.8	9.525	0.5634217262	-0.985	3.6542	4.7426	8.805	7.799	1
-0.8	9.525	0.6134217381	-0.8064	3.6834	4.7177	8.034	7.166	1
-0.8	9.525	0.6317151189	-0.7435	3.6935	4.7081	7.781	6.953	1
-0.8	9.525	0.6634216905	-0.6378	3.7106	4.692	7.381	6.615	1
-0.8	9.525	0.6705464125	-0.6144	3.7144	4.6884	7.296	6.543	1
-0.8	9.525	0.7084882855	-0.4931	3.7338	4.6688	6.866	6.182	1
-0.8	9.525	0.7134217024	-0.4777	3.7363	4.6662	6.813	6.137	1
-0.8	9.525	0.7340831757	-0.4142	3.746	4.654	6.599	5.958	1
-0.8	9.525	0.7634217143	-0.3259	3.7593	4.6359	6.309	5.715	1
-0.8	9.525	0.7912450433	-0.2443	3.7695	4.6106	6.056	5.498	1
-0.8	9.525	0.8134217262	-0.1802	3.7772	4.5894	5.861	5.33	1
-0.8	9.525	0.8295160532	-0.1341	3.7822	4.5716	5.724	5.21	1
-0.8	9.525	0.8634217381	-0.0378	3.7921	4.5325	5.437	4.961	1
-0.8	9.525	0.8898088336	0.0362	3.7993	4.5002	5.222	4.771	1
-0.8	9.525	0.9134216905	0.1021	3.8055	4.4703	5.032	4.602	1
-0.8	9.525	0.9224917293	0.1272	3.8079	4.4591	4.96	4.537	1
-0.8	9.525	0.9527443647	0.2116	3.8157	4.4199	4.719	4.321	1
-0.8	9.525	0.9634217024	0.2414	3.8183	4.4056	4.634	4.244	1
-0.8	9.525	0.9863258004	0.3053	3.8243	4.3756	4.452	4.08	1
-0.8	9.525	1.009422183	0.3706	3.8301	4.3437	4.266	3.911	1
-0.8	9.525	1.0134217739	0.3821	3.8311	4.3379	4.234	3.882	1
-0.8	9.525	1.0271772146	0.421	3.8349	4.32	4.123	3.781	1
-0.8	9.525	1.0467631817	0.4769	3.84	4.2929	3.965	3.637	1
-0.8	9.525	1.0634217262	0.5245	3.8441	4.2683	3.831	3.513	1
-0.8	9.525	1.0689868927	0.5402	3.8456	4.2608	3.786	3.473	1
-0.8	9.525	1.0847704411	0.5854	3.8494	4.2372	3.659	3.356	1
-0.8	9.525	1.0980077982	0.6253	3.8525	4.2149	3.547	3.253	1
-0.8	9.525	1.1090979576	0.6602	3.8549	4.1942	3.451	3.162	1
-0.8	9.525	1.1134216785	0.6739	3.8558	4.1858	3.413	3.127	1
-0.8	9.525	1.1264494658	0.7061	3.8553	4.1566	3.331	3.045	1
-0.8	9.525	1.1304293871	0.7162	3.855	4.1469	3.306	3.02	1
-0.8	9.525	1.1390976906	0.7422	3.8556	4.1263	3.237	2.953	1
-0.8	9.525	1.147038579	0.7694	3.8567	4.1067	3.164	2.883	1
-0.8	9.525	1.1538197994	0.8194	3.8656	4.0947	3.011	2.751	2
-0.8	9.525	1.1664566994	0.8715	3.8567	4.0118	2.9	2.623	2
-0.8	9.525	1.1756376028	0.9061	3.85	3.954	2.83	2.538	2
-0.8	9.525	1.1768434048	0.9106	3.8491	3.9461	2.821	2.528	2
-0.8	9.525	1.1768621206	0.9107	3.8491	3.946	2.821	2.527	2
-0.8	9.525	1.1863402128	0.9476	3.8355	3.8584	2.768	2.443	2
-0.8	9.525	1.1927236319	0.9685	3.82	3.7776	2.768	2.402	2
-0.8	9.525	1.1968855858	0.9762	3.8051	3.7118	2.805	2.395	2
-0.8	9.525	1.1997125149	0.9775	3.7922	3.6598	2.859	2.407	2
-0.8	9.525	1.2017632723	0.9748	3.7811	3.6191	2.923	2.433	2
-0.8	9.525	1.2033487558	0.969	3.7719	3.5886	2.981	2.46	2
-0.8	9.525	1.2046509981	0.9611	3.7638	3.5646	3.041	2.492	2
-0.8	9.525	1.2057865858	0.9517	3.7566	3.5458	3.101	2.527	2
-0.8	9.525	1.2068424225	0.947	3.7508	3.5275	3.144	2.548	2
-0.8	9.525	1.2078701258	0.9439	3.7454	3.5091	3.181	2.567	2
-0.8	9.525	1.2093075514	0.9546	3.7396	3.4758	3.186	2.552	2
-0.8	9.525	1.2102719545	0.969	3.7366	3.4498	3.168	2.523	3
-0.8	9.525	1.2111335993	0.9869	3.7347	3.4246	3.134	2.483	3
-0.8	9.525	1.2130494118	1.0313	3.731	3.3661	3.045	2.38	3
-0.8	9.525	1.2146277428	1.0726	3.7286	3.3157	2.956	2.283	3
-0.8	9.525	1.2162390947	1.1183	3.7264	3.2617	2.855	2.175	3
-0.8	9.525	1.2175959349	1.1598	3.7247	3.2139	2.762	2.076	3
-0.8	9.525	1.2189587355	1.2044	3.7228	3.1624	2.662	1.969	3
-0.8	9.525	1.2203031778	1.252	3.7209	3.1077	2.554	1.855	3
-0.8	9.525	1.2214306593	1.2955	3.7192	3.0578	2.456	1.751	3
-0.8	9.525	1.2224854231	1.3395	3.7174	3.0069	2.359	1.646	3
-0.8	9.525	1.2235095501	1.3856	3.7155	2.9534	2.257	1.537	3
-0.8	9.525	1.2243820429	1.4281	3.7137	2.904	2.164	1.436	3
-0.8	9.525	1.2252111435	1.4718	3.7117	2.8528	2.068	1.333	3
-0.8	9.525	1.2259272337	1.5128	3.7099	2.8046	1.979	1.236	3
-0.8	9.525	1.2266118526	1.555	3.7079	2.7545	1.888	1.138	3
-0.8	9.525	1.2268434763	1.57	3.7072	2.7368	1.856	1.103	3
-0.8	9.525	1.2274540663	1.6089	3.7053	2.6907	1.773	1.012	3
-0.8	9.525	1.2280504704	1.65	3.7032	2.6415	1.686	0.917	3
-0.8	9.525	1.228628397	1.6929	3.7011	2.5901	1.596	0.818	3
-0.8	9.525	1.2291426659	1.734	3.6989	2.5407	1.51	0.723	3
-0.8	9.525	1.229618907	1.7747	3.6968	2.4914	1.426	0.631	3
-0.8	9.525	1.2300735712	1.816	3.6945	2.4413	1.343	0.536	3
-0.8	9.525	1.2304904461	1.8556	3.6923	2.3928	1.263	0.445	3
-0.8	9.525	1.2308897972	1.8941	3.6902	2.3458	1.186	0.357	3
-0.8	9.525	1.2313258648	1.9322	3.688	2.2991	1.112	0.271	3
-0.8	9.525	1.2316313982	1.9465	3.6872	2.282	1.084	0.239	3
-0.8	9.525	1.2319750786	1.9198	3.6891	2.3162	1.133	0.297	3
-0.8	9.525	1.2321882248	1.8875	3.6913	2.3573	1.193	0.369	3
-0.8	9.525	1.2322450876	1.8934	3.691	2.3502	1.182	0.355	3
-0.8	9.525	1.2325931787	1.9364	3.6884	2.297	1.098	0.259	3
-0.8	9.525	1.2329441309	1.9793	3.6859	2.2442	1.015	0.162	3
-0.8	9.525	1.2332669497	2.0208	3.6834	2.1927	0.936	0.07	3
-0.8	9.525	1.2335697412	2.0625	3.6809	2.141	0.856	-0.023	3
-0.8	9.525	1.2338510752	2.1039	3.6783	2.089	0.78	-0.114	3
-0.8	9.525	1.234115243	2.1458	3.6757	2.0369	0.703	-0.206	3
-0.8	9.525	1.2343546152	2.1867	3.673	1.9853	0.629	-0.295	3
-0.8	9.525	1.2345792055	2.2281	3.6703	1.9331	0.557	-0.384	3
-0.8	9.525	1.2347822189	2.2684	3.6676	1.8819	0.489	-0.47	3
-0.8	9.525	1.2349721193	2.3089	3.6649	1.8305	0.421	-0.555	3
-0.8	9.525	1.2351480722	2.3492	3.6621	1.7791	0.354	-0.64	3
-0.8	9.525	1.2353110313	2.3892	3.6593	1.7279	0.29	-0.723	3
-0.8	9.525	1.2354648113	2.4299	3.6565	1.6757	0.225	-0.806	3
-0.8	9.525	1.2356042862	2.4695	3.6536	1.6247	0.164	-0.886	3
-0.8	9.525	1.2357376814	2.5101	3.6508	1.5725	0.1	-0.969	3
-0.8	9.525	1.2358589172	2.5495	3.6478	1.5212	0.043	-1.046	3
-0.8	9.525	1.2359750271	2.5899	3.6448	1.4688	-0.017	-1.125	3
-0.8	9.525	1.2360802889	2.6291	3.6419	1.4177	-0.075	-1.201	3
-0.8	9.525	1.2361797094	2.6686	3.6389	1.3659	-0.132	-1.276	3
-0.8	9.525	1.2362736464	2.7086	3.6359	1.3138	-0.189	-1.352	3
-0.8	9.525	1.2363806963	2.7576	3.6321	1.2492	-0.257	-1.444	3
-0.8	9.525	1.2364621162	2.7976	3.629	1.1969	-0.312	-1.518	3
-0.8	9.525	1.2365554571	2.8469	3.6251	1.1318	-0.376	-1.607	3
-0.8	9.525	1.2366410494	2.8958	3.6212	1.0668	-0.438	-1.695	3
-0.8	9.525	1.236720562	2.9449	3.6173	1.0016	-0.498	-1.78	3
-0.8	9.525	1.2367812395	2.9849	3.6142	0.9487	-0.533	-1.848	3
-0.8	9.525	1.2368495464	3.0332	3.6102	0.884	-0.572	-1.927	3
-0.8	9.525	1.2369133234	3.0816	3.6061	0.8187	-0.604	-2.001	3
-0.8	9.525	1.2369633913	3.1221	3.6029	0.7648	-0.634	-2.065	3
-0.8	9.525	1.2370209694	3.1719	3.5988	0.6979	-0.668	-2.143	3
-0.8	9.525	1.2370737791	3.2209	3.5946	0.6313	-0.696	-2.215	3
-0.8	9.525	1.2371240854	3.2708	3.5904	0.5636	-0.725	-2.288	3
-0.8	9.525	1.2371712923	3.3198	3.5862	0.4963	-0.747	-2.355	3
-0.8	9.525	1.2371965647	3.3442	3.5841	0.4629	-0.761	-2.388	4
-0.8	9.525	1.2375108004	1.8448	3.7142	2.4828	1.117	0.393	4
-0.8	9.525	1.2378405333	1.8503	3.7138	2.4758	1.107	0.38	4
-0.8	9.525	1.2381705046	1.8536	3.7138	2.4726	1.099	0.372	4
-0.8	9.525	1.2385092974	1.8554	3.714	2.4718	1.093	0.367	4
-0.8	9.525	1.2388445139	1.8567	3.7143	2.472	1.087	0.363	4
-0.8	9.525	1.2391892672	1.8579	3.7147	2.4724	1.081	0.358	4
-0.8	9.525	1.2395250797	1.8591	3.7151	2.4729	1.075	0.354	4
-0.8	9.525	1.2398535013	1.8603	3.7154	2.4732	1.07	0.35	4
-0.8	9.525	1.2401765585	1.8617	3.7157	2.4731	1.064	0.346	4
-0.8	9.525	1.2405301332	1.8634	3.716	2.4728	1.058	0.34	4
-0.8	9.525	1.2408767939	1.8651	3.7163	2.4723	1.051	0.335	4
-0.8	9.525	1.2412115335	1.8668	3.7166	2.4717	1.045	0.33	4
-0.8	9.525	1.2415397167	1.8685	3.7168	2.4711	1.039	0.325	4
-0.8	9.525	1.2418739796	1.8703	3.717	2.4703	1.033	0.32	4
-0.8	9.525	1.2419171333	1.8705	3.717	2.4701	1.033	0.319	4
-0.8	9.525	1.2422038317	1.8721	3.7172	2.4693	1.027	0.315	4
-0.8	9.525	1.2425498962	1.8741	3.7174	2.4682	1.021	0.309	4
-0.8	9.525	1.2428870201	1.8761	3.7175	2.4669	1.015	0.304	4
-0.8	9.525	1.2432262897	1.8782	3.7176	2.4654	1.009	0.298	4
-0.8	9.525	1.2435740232	1.8804	3.7177	2.4635	1.003	0.292	4
-0.8	9.525	1.2439126968	1.8828	3.7177	2.4614	0.997	0.286	4
-0.8	9.525	1.2442513704	1.8853	3.7176	2.4588	0.991	0.28	4
-0.8	9.525	1.2442708015	1.8854	3.7176	2.4587	0.991	0.28	4
-0.8	9.525	1.2445677519	1.8877	3.7176	2.4562	0.986	0.274	4
-0.8	9.525	1.2448744774	1.8904	3.7174	2.4531	0.98	0.268	4
-0.8	9.525	1.2451933622	1.8934	3.7172	2.4493	0.974	0.261	4
-0.8	9.525	1.245493412	1.8965	3.7169	2.4452	0.969	0.254	4
-0.8	9.525	1.245798707	1.9002	3.7166	2.4403	0.962	0.246	4
-0.8	9.525	1.2460992336	1.9041	3.7162	2.4349	0.956	0.238	4
-0.8	9.525	1.2464046478	1.9085	3.7157	2.4286	0.948	0.228	4
-0.8	9.525	1.2467112541	1.9135	3.7151	2.4212	0.94	0.217	4
-0.8	9.525	1.2470152378	1.9186	3.7148	2.415	0.93	0.205	4
-0.8	9.525	1.2473146915	1.9218	3.7143	2.4102	0.925	0.199	4
-0.8	9.525	1.2476177216	1.9338	3.7126	2.3915	0.909	0.174	4
-0.8	9.525	1.2479190826	1.9579	3.7095	2.3549	0.872	0.123	4
-0.8	9.525	1.2481486797	1.9958	3.705	2.2991	0.815	0.044	4
-0.8	9.525	1.2482460737	2.0351	3.7007	2.2429	0.752	-0.04	4
-0.8	9.525	1.2482820749	2.0727	3.6969	2.19	0.691	-0.119	4
-0.8	9.525	1.248298049	2.1091	3.6934	2.1395	0.631	-0.197	4
-0.8	9.525	1.2483062744	2.1433	3.6903	2.0929	0.574	-0.27	5
-0.8	9.525	1.2483071089	2.1477	3.6899	2.087	0.566	-0.279	7
-0.8	9.525	1.2483072281	2.1482	3.6898	2.0863	0.566	-0.28	7
-0.8	9.525	1.2483127117	2.1862	3.6865	2.0351	0.502	-0.361	7
-0.8	9.525	1.2483183146	2.226	3.6832	1.9818	0.436	-0.445	7
-0.8	9.525	1.2483266592	2.2565	3.6807	1.9414	0.385	-0.51	7
-0.8	9.525	1.2483427525	2.2504	3.6813	1.95	0.394	-0.497	7
-0.8	9.525	1.2484661341	2.2193	3.6839	1.9914	0.446	-0.431	7
-0.8	9.525	1.2486042976	2.2447	3.6816	1.9571	0.405	-0.485	7
-0.8	9.525	1.2486976385	2.2848	3.6782	1.9033	0.341	-0.568	7
-0.8	9.525	1.2487627268	2.3212	3.6751	1.8545	0.285	-0.643	7
-0.8	9.525	1.2488369942	2.3606	3.6718	1.8021	0.223	-0.724	7
-0.8	9.525	1.2489100695	2.4005	3.6685	1.7491	0.162	-0.806	7
-0.8	9.525	1.2489757538	2.4403	3.6653	1.6962	0.103	-0.886	7
-0.8	9.525	1.2490355968	2.4803	3.6619	1.6428	0.044	-0.967	7
-0.8	9.525	1.2490900755	2.5204	3.6586	1.5893	-0.014	-1.046	7
-0.8	9.525	1.2491389513	2.5603	3.6553	1.5363	-0.071	-1.124	7
-0.8	9.525	1.2491830587	2.6006	3.6519	1.4827	-0.129	-1.203	7
-0.8	9.525	1.2492223978	2.6402	3.6486	1.4297	-0.185	-1.279	7
-0.8	9.525	1.2492588758	2.6799	3.6452	1.3765	-0.238	-1.353	7
-0.8	9.525	1.2492933273	2.7196	3.6418	1.3233	-0.292	-1.427	7
-0.8	9.525	1.2493262291	2.7595	3.6384	1.2697	-0.344	-1.5	7
-0.8	9.525	1.249356389	2.7994	3.635	1.2161	-0.395	-1.572	7
-0.8	9.525	1.2493849993	2.8391	3.6316	1.1627	-0.446	-1.644	7
-0.8	9.525	1.2494140863	2.8792	3.6281	1.1087	-0.494	-1.714	7
-0.8	9.525	1.2494434118	2.9194	3.6246	1.0545	-0.542	-1.784	7
-0.8	9.525	1.2494720221	2.9597	3.621	1.0	-0.588	-1.853	7
-0.8	9.525	1.24949646	2.9995	3.6175	0.9462	-0.618	-1.917	7
-0.8	9.525	1.2495130301	3.0359	3.6143	0.8969	-0.643	-1.974	7
-0.8	9.525	1.2495261431	3.0706	3.6112	0.8499	-0.667	-2.028	7
-0.8	9.525	1.2495390177	3.1114	3.6076	0.7944	-0.692	-2.09	7
-0.8	9.525	1.2495501041	3.1487	3.6042	0.7437	-0.713	-2.145	7
-0.8	9.525	1.2495607138	3.1901	3.6004	0.6873	-0.736	-2.206	7
-0.8	9.525	1.2495698929	3.228	3.597	0.6355	-0.754	-2.259	7
-0.8	9.525	1.2495719194	3.2418	3.5957	0.6166	-0.76	-2.278	7
-0.8	9.525	1.2495731115	3.2504	3.5949	0.6046	-0.763	-2.29	7
-0.8	9.525	1.2495741844	3.2603	3.5939	0.591	-0.767	-2.303	7
-0.8	9.525	1.2495757341	3.2667	3.5933	0.5822	-0.77	-2.312	7
-0.8	9.525	1.2495782375	3.288	3.5913	0.5528	-0.778	-2.341	7
-0.8	9.525	1.2495845556	3.3252	3.5877	0.5012	-0.789	-2.388	7
-0.8	9.525	1.2495846748	3.3352	3.587	0.493	-0.799	-2.404	8
-0.8	9.525	1.249584794	3.3539	3.5856	0.4777	-0.817	-2.432	8
-0.8	9.525	1.2495856285	3.3675	3.5844	0.4628	-0.826	-2.45	8
-0.8	9.525	1.2495865822	3.3725	3.5838	0.455	-0.826	-2.455	8
-0.8	9.525	1.2495874166	3.3775	3.5833	0.4471	-0.826	-2.46	8
-0.8	9.525	1.2495883703	3.3825	3.5827	0.4393	-0.826	-2.464	8
-0.8	9.525	1.2495892048	3.3875	3.5821	0.4314	-0.826	-2.469	8
-0.8	9.525	1.2495901585	3.3925	3.5815	0.4236	-0.826	-2.474	8
-0.8	9.525	1.2495909929	3.3975	3.581	0.4157	-0.826	-2.479	8
-0.8	9.525	1.2495918274	3.4026	3.5804	0.4079	-0.826	-2.483	8
-0.8	9.525	1.2495927811	3.4076	3.5798	0.4	-0.826	-2.488	8
-0.8	9.525	1.2495936155	3.4126	3.5792	0.3922	-0.825	-2.492	8
-0.8	9.525	1.2495945692	3.4176	3.5787	0.3844	-0.824	-2.495	8
-0.8	9.525	1.2495954037	3.4226	3.5781	0.3765	-0.824	-2.499	8
-0.8	9.525	1.2495963573	3.4276	3.5775	0.3687	-0.823	-2.503	8
-0.8	9.525	1.2495971918	3.4326	3.5769	0.3608	-0.823	-2.507	8
-0.8	9.525	1.2495980263	3.4376	3.5764	0.353	-0.822	-2.511	8
-0.8	9.525	1.2495989799	3.4427	3.5758	0.3451	-0.822	-2.514	8
-0.8	9.525	1.2495998144	3.4477	3.5752	0.3373	-0.821	-2.518	8
-0.8	9.525	1.2496007681	3.4527	3.5746	0.3294	-0.82	-2.522	8
-0.8	9.525	1.2496016026	3.4577	3.574	0.3216	-0.82	-2.526	8
-0.8	9.525	1.249602437	3.4627	3.5735	0.3137	-0.819	-2.53	8
-0.8	9.525	1.2496033907	3.4677	3.5729	0.3058	-0.819	-2.534	8
-0.8	9.525	1.2496042252	3.4727	3.5723	0.298	-0.818	-2.537	8
-0.8	9.525	1.2496051788	3.4777	3.5717	0.2901	-0.817	-2.541	8
-0.8	9.525	1.2496060133	3.4828	3.5712	0.2823	-0.817	-2.545	8
-0.8	9.525	1.249606967	3.4878	3.5706	0.2744	-0.816	-2.549	8
-0.8	9.525	1.2496078014	3.4928	3.57	0.2666	-0.816	-2.553	8
-0.8	9.525	1.2496087551	3.495	3.5697	0.2621	-0.813	-2.552	8
-0.8	9.525	1.2496097088	3.4972	3.5693	0.2577	-0.81	-2.552	8
-0.8	9.525	1.2496106625	3.4994	3.569	0.2533	-0.808	-2.551	8
-0.8	9.525	1.2496114969	3.5016	3.5686	0.2489	-0.805	-2.551	8
-0.8	9.525	1.2496124506	3.5038	3.5683	0.2445	-0.803	-2.55	8
-0.8	9.525	1.2496134043	3.506	3.568	0.24	-0.8	-2.55	8
-0.8	9.525	1.2496143579	3.5082	3.5676	0.2356	-0.797	-2.549	8
-0.8	9.525	1.2496153116	3.5104	3.5673	0.2312	-0.795	-2.549	8
-0.8	9.525	1.2496162653	3.5126	3.5669	0.2268	-0.792	-2.548	8
-0.8	9.525	1.2496170998	3.5148	3.5666	0.2223	-0.789	-2.547	8
-0.8	9.525	1.2496180534	3.517	3.5662	0.2179	-0.787	-2.547	8
-0.8	9.525	1.2496190071	3.5192	3.5659	0.2135	-0.784	-2.546	8
-0.8	9.525	1.2496199608	3.5214	3.5656	0.209	-0.781	-2.546	8
-0.8	9.525	1.2496209145	3.5236	3.5652	0.2046	-0.779	-2.545	8
-0.8	9.525	1.2496218681	3.5258	3.5649	0.2002	-0.776	-2.545	8
-0.8	9.525	1.2496228218	3.528	3.5645	0.1957	-0.774	-2.544	8
-0.8	9.525	1.2496236563	3.5302	3.5642	0.1913	-0.771	-2.544	8
-0.8	9.525	1.2496246099	3.5324	3.5639	0.1868	-0.768	-2.543	8
-0.8	9.525	1.2496255636	3.5346	3.5635	0.1824	-0.766	-2.543	8
-0.8	9.525	1.2496265173	3.5368	3.5632	0.1779	-0.763	-2.542	8
-0.8	9.525	1.249627471	3.539	3.5628	0.1735	-0.76	-2.542	8
-0.8	9.525	1.2496284246	3.5412	3.5625	0.169	-0.758	-2.541	8
-0.8	9.525	1.2496292591	3.5434	3.5621	0.1646	-0.755	-2.541	8
-0.8	9.525	1.2496302128	3.5456	3.5618	0.1601	-0.752	-2.54	8
-0.8	9.525	1.2496311665	3.5478	3.5615	0.1557	-0.75	-2.54	8
-0.8	9.525	1.2496321201	3.55	3.5611	0.1512	-0.747	-2.539	8
-0.8	9.525	1.249633193	3.5525	3.5606	0.1452	-0.742	-2.537	8
-0.8	9.525	1.2496342659	3.5551	3.5602	0.1393	-0.737	-2.535	8
-0.8	9.525	1.2496353388	3.5576	3.5597	0.1333	-0.731	-2.532	8
-0.8	9.525	1.2496364117	3.5602	3.5592	0.1273	-0.725	-2.528	8
-0.8	9.525	1.2496376038	3.5627	3.5587	0.1213	-0.719	-2.524	8
-0.8	9.525	1.2496386766	3.5653	3.5582	0.1153	-0.713	-2.52	8
-0.8	9.525	1.2496397495	3.5678	3.5577	0.1093	-0.708	-2.516	8
-0.8	9.525	1.2496408224	3.5704	3.5573	0.1033	-0.702	-2.512	8
-0.8	9.525	1.2496418953	3.5729	3.5568	0.0973	-0.696	-2.507	8
-0.8	9.525	1.2496429682	3.5754	3.5563	0.0913	-0.69	-2.503	8
-0.8	9.525	1.2496440411	3.578	3.5558	0.0853	-0.684	-2.499	8
-0.8	9.525	1.2496451139	3.5805	3.5553	0.0793	-0.678	-2.495	8
-0.8	9.525	1.2496461868	3.5831	3.5549	0.0733	-0.672	-2.491	8
-0.8	9.525	1.2496473789	3.5856	3.5544	0.0672	-0.666	-2.487	8
-0.8	9.525	1.2496484518	3.5882	3.5539	0.0612	-0.66	-2.483	8
-0.8	9.525	1.2496495247	3.5907	3.5534	0.0551	-0.654	-2.479	8
-0.8	9.525	1.2496505976	3.5933	3.5529	0.0491	-0.648	-2.475	8
-0.8	9.525	1.2496516705	3.5958	3.5525	0.043	-0.642	-2.471	8
-0.8	9.525	1.2496527433	3.5984	3.552	0.037	-0.636	-2.467	8
-0.8	9.525	1.2496538162	3.6009	3.5515	0.0309	-0.629	-2.463	8
-0.8	9.525	1.2496548891	3.6035	3.551	0.0248	-0.623	-2.458	8
-0.8	9.525	1.2496560812	3.606	3.5505	0.0187	-0.617	-2.454	8
-0.8	9.525	1.2496571541	3.6085	3.5501	0.0126	-0.611	-2.45	8
-0.8	9.525	1.249658227	3.6111	3.5496	0.0066	-0.604	-2.444	8
-0.8	9.525	1.2496592999	3.6136	3.5491	0.0005	-0.596	-2.437	8
-0.8	9.525	1.2496603727	3.6162	3.5486	-0.0056	-0.594	-2.431	8
-0.8	9.525	1.2496614456	3.6184	3.5481	-0.0127	-0.59	-2.422	8
-0.8	9.525	1.2496625185	3.6207	3.5475	-0.0198	-0.586	-2.413	8
-0.8	9.525	1.2496635914	3.6229	3.547	-0.0268	-0.582	-2.404	8
-0.8	9.525	1.2496647835	3.6252	3.5464	-0.0339	-0.578	-2.396	8
-0.8	9.525	1.2496658564	3.6274	3.5458	-0.0411	-0.574	-2.387	8
-0.8	9.525	1.2496669292	3.6297	3.5453	-0.0482	-0.57	-2.378	8
-0.8	9.525	1.2496680021	3.6319	3.5447	-0.0553	-0.566	-2.37	8
-0.8	9.525	1.249669075	3.6342	3.5442	-0.0625	-0.562	-2.361	8
-0.8	9.525	1.2496701479	3.6364	3.5436	-0.0697	-0.559	-2.352	8
-0.8	9.525	1.24967134	3.6387	3.5431	-0.0769	-0.555	-2.344	8
-0.8	9.525	1.2496724129	3.6409	3.5425	-0.0841	-0.551	-2.335	8
-0.8	9.525	1.2496734858	3.6432	3.542	-0.0913	-0.547	-2.327	8
-0.8	9.525	1.2496745586	3.6454	3.5414	-0.0986	-0.544	-2.318	8
-0.8	9.525	1.2496756315	3.6477	3.5409	-0.1058	-0.54	-2.31	8
-0.8	9.525	1.2496767044	3.6499	3.5403	-0.1131	-0.537	-2.301	8
-0.8	9.525	1.2496777773	3.6522	3.5398	-0.1204	-0.532	-2.291	8
-0.8	9.525	1.2496789694	3.6545	3.5392	-0.1277	-0.527	-2.279	8
-0.8	9.525	1.2496800423	3.6567	3.5387	-0.1351	-0.521	-2.267	8
-0.8	9.525	1.2496811152	3.659	3.5381	-0.1424	-0.515	-2.255	8
-0.8	9.525	1.249682188	3.6612	3.5375	-0.1498	-0.51	-2.244	8
-0.8	9.525	1.2496832609	3.6635	3.537	-0.1572	-0.505	-2.232	8
-0.8	9.525	1.2496843338	3.6657	3.5364	-0.1646	-0.499	-2.22	8
-0.8	9.525	1.2496855259	3.668	3.5359	-0.1721	-0.494	-2.209	8
-0.8	9.525	1.2496865988	3.6702	3.5353	-0.1795	-0.489	-2.197	8
-0.8	9.525	1.2496876717	3.6725	3.5348	-0.187	-0.484	-2.185	8
-0.8	9.525	1.2496887445	3.6747	3.5342	-0.1945	-0.479	-2.174	8
-0.8	9.525	1.2496896982	3.677	3.5369	-0.1916	-0.559	-2.267	8
-0.8	9.525	1.2496907711	3.6793	3.5396	-0.1887	-0.639	-2.361	8
-0.8	9.525	1.2496917248	3.6815	3.5424	-0.1859	-0.711	-2.44	8
-0.8	9.525	1.2496927977	3.6838	3.5451	-0.1832	-0.781	-2.517	8
-0.8	9.525	1.2496937513	3.6861	3.5478	-0.1806	-0.852	-2.594	8
-0.8	9.525	1.2496948242	3.6884	3.5505	-0.1781	-0.921	-2.669	8
-0.8	9.525	1.2496957779	3.6906	3.5532	-0.1756	-0.985	-2.732	8
-0.8	9.525	1.2496968508	3.6929	3.5559	-0.1732	-1.048	-2.795	8
-0.8	9.525	1.2496978045	3.6952	3.5586	-0.171	-1.112	-2.858	8
-0.8	9.525	1.2496988773	3.6975	3.5614	-0.1688	-1.173	-2.915	8
-0.8	9.525	1.249699831	3.6997	3.5641	-0.1667	-1.232	-2.967	8
-0.8	9.525	1.2497009039	3.702	3.5668	-0.1647	-1.291	-3.019	8
-0.8	9.525	1.2497018576	3.7043	3.5695	-0.1628	-1.349	-3.071	8
-0.8	9.525	1.2497028112	3.7066	3.5722	-0.161	-1.406	-3.116	8
-0.8	9.525	1.2497038841	3.7088	3.5749	-0.1593	-1.462	-3.161	8
-0.8	9.525	1.2497048378	3.7111	3.5776	-0.1578	-1.518	-3.205	8
-0.8	9.525	1.2497059107	3.7134	3.5804	-0.1563	-1.574	-3.249	8
-0.8	9.525	1.2497068644	3.7157	3.5831	-0.155	-1.627	-3.289	8
-0.8	9.525	1.2497079372	3.7179	3.5858	-0.1538	-1.681	-3.329	8
-0.8	9.525	1.2497088909	3.7202	3.5885	-0.1527	-1.735	-3.369	8
-0.8	9.525	1.2497099638	3.7225	3.5912	-0.1518	-1.789	-3.408	8
-0.8	9.525	1.2497109175	3.7248	3.5939	-0.151	-1.844	-3.448	8
-0.8	9.525	1.2497119904	3.727	3.5966	-0.1503	-1.898	-3.487	8
-0.8	9.525	1.249712944	3.7293	3.5994	-0.1498	-1.953	-3.526	8
-0.8	9.525	1.2497140169	3.7316	3.6021	-0.1494	-2.003	-3.562	8
-0.8	9.525	1.2497149706	3.7339	3.6048	-0.1492	-2.052	-3.596	8
-0.8	9.525	1.2497150898	3.7333	3.606	-0.1449	-2.067	-3.607	8
-0.8	9.525	1.249715209	3.7322	3.6081	-0.1371	-2.095	-3.626	8
-0.8	9.525	1.2497153282	3.7312	3.61	-0.1302	-2.119	-3.643	8
