# File generated by 'createIsoFiles.py' on Fri Nov 24 15:30:44 2017.
# Content of file: isochrone table with t = 1.78Gyr, [Fe/H] = -0.55.
# Isochrone tables in this file have been created by
# on the basis of PARSEC isochrones.
# NOTE: templates with M < 0.1 Msun have been.
# removed (considered below LMCO).
# -----------------------------------------------------------------
# FeH	log(age/yr)	M_ini	logL/Lo	logTeff	logg	 B	 V	 stage
-0.55	9.25	0.1000000015	-3.1062	3.4395	5.2543	18.349	16.429	1
-0.55	9.25	0.1199999973	-2.8367	3.4721	5.1943	16.606	14.816	1
-0.55	9.25	0.1400000006	-2.6516	3.4914	5.1532	15.583	13.856	1
-0.55	9.25	0.1579291224	-2.5235	3.5031	5.1246	14.964	13.28	1
-0.55	9.25	0.1599999964	-2.5097	3.5044	5.1215	14.899	13.22	1
-0.55	9.25	0.200000003	-2.2944	3.5222	5.0742	13.964	12.35	1
-0.55	9.25	0.25	-2.0975	3.536	5.0295	13.209	11.654	1
-0.55	9.25	0.3288827837	-1.8484	3.5503	4.9568	12.345	10.85	1
-0.55	9.25	0.3442952335	-1.7999	3.5526	4.9373	12.188	10.703	1
-0.55	9.25	0.349999994	-1.784	3.5536	4.9323	12.134	10.653	0
-0.55	9.25	0.3707826734	-1.7184	3.5585	4.9114	11.897	10.433	1
-0.55	9.25	0.400000006	-1.6338	3.565	4.886	11.592	10.15	1
-0.55	9.25	0.4499999881	-1.4695	3.5793	4.8298	10.991	9.6	1
-0.55	9.25	0.5	-1.2938	3.5982	4.7756	10.321	9.001	1
-0.55	9.25	0.5500000119	-1.1108	3.6233	4.7343	9.565	8.363	1
-0.55	9.25	0.5855025053	-0.984	3.6439	4.717	8.988	7.894	1
-0.55	9.25	0.6000000238	-0.9343	3.652	4.7103	8.754	7.707	1
-0.55	9.25	0.6499999762	-0.7661	3.6811	4.6934	7.988	7.085	1
-0.55	9.25	0.6999999881	-0.6094	3.7076	4.6748	7.355	6.555	1
-0.55	9.25	0.75	-0.463	3.7321	4.6564	6.814	6.102	1
-0.55	9.25	0.8000000119	-0.3258	3.7523	4.6281	6.351	5.712	1
-0.55	9.25	0.8293195963	-0.2483	3.7627	4.6076	6.102	5.501	1
-0.55	9.25	0.8500000238	-0.1949	3.7697	4.5931	5.933	5.357	1
-0.55	9.25	0.8660829067	-0.154	3.7746	4.5797	5.808	5.25	1
-0.55	9.25	0.8999999762	-0.0695	3.7844	4.5513	5.55	5.028	1
-0.55	9.25	0.9246717691	-0.0093	3.7907	4.5282	5.369	4.871	1
-0.55	9.25	0.9499999881	0.0514	3.797	4.5043	5.189	4.714	1
-0.55	9.25	0.9515138268	0.055	3.7974	4.5028	5.178	4.705	1
-0.55	9.25	0.9876853824	0.1404	3.806	4.4681	4.928	4.485	1
-0.55	9.25	1.0	0.169	3.8088	4.4561	4.844	4.411	1
-0.55	9.25	1.0248903036	0.2262	3.8145	4.4326	4.679	4.265	1
-0.55	9.25	1.0499999523	0.2832	3.8202	4.4086	4.514	4.119	1
-0.55	9.25	1.0676422119	0.3224	3.8242	4.3929	4.401	4.018	1
-0.55	9.25	1.0933235884	0.3789	3.83	4.3698	4.237	3.872	1
-0.55	9.25	1.1000000238	0.3935	3.8315	4.3638	4.196	3.834	1
-0.55	9.25	1.1089411974	0.4128	3.8336	4.3566	4.14	3.785	1
-0.55	9.25	1.1265543699	0.4505	3.8378	4.3424	4.031	3.687	1
-0.55	9.25	1.1425225735	0.4843	3.8415	4.3294	3.933	3.6	1
-0.55	9.25	1.1499999762	0.4999	3.8432	4.3234	3.889	3.559	1
-0.55	9.25	1.2000000477	0.6011	3.8557	4.2907	3.594	3.297	1
-0.55	9.25	1.2128120661	0.6261	3.8592	4.2842	3.52	3.232	1
-0.55	9.25	1.2584584951	0.7137	3.8706	4.2582	3.265	3.005	1
-0.55	9.25	1.2701990604	0.7357	3.8735	4.2519	3.202	2.949	1
-0.55	9.25	1.3084584475	0.8066	3.8817	4.227	2.999	2.767	1
-0.55	9.25	1.3405600786	0.866	3.8872	4.2001	2.833	2.615	1
-0.55	9.25	1.358458519	0.8992	3.8898	4.1828	2.741	2.53	1
-0.55	9.25	1.3723108768	0.9251	3.8914	4.168	2.67	2.464	1
-0.55	9.25	1.4039200544	0.9845	3.8941	4.1292	2.511	2.313	1
-0.55	9.25	1.4084584713	0.9931	3.8944	4.1232	2.488	2.292	1
-0.55	9.25	1.4098246098	0.9956	3.8944	4.1211	2.481	2.285	1
-0.55	9.25	1.4305855036	1.0344	3.8935	4.0852	2.383	2.186	1
-0.55	9.25	1.4500412941	1.0709	3.8907	4.0433	2.294	2.093	1
-0.55	9.25	1.4584585428	1.0866	3.889	4.0232	2.257	2.053	1
-0.55	9.25	1.4681180716	1.1044	3.8868	3.9994	2.216	2.007	1
-0.55	9.25	1.4847209454	1.1346	3.8814	3.9527	2.15	1.931	1
-0.55	9.25	1.4993473291	1.1613	3.8744	3.9022	2.099	1.864	1
-0.55	9.25	1.5084584951	1.1778	3.8694	3.868	2.07	1.824	1
-0.55	9.25	1.5144211054	1.1886	3.866	3.8456	2.051	1.798	1
-0.55	9.25	1.5264207125	1.2104	3.8584	3.7966	2.016	1.746	1
-0.55	9.25	1.5376414061	1.2331	3.8506	3.7462	1.982	1.692	1
-0.55	9.25	1.5450253487	1.2511	3.8478	3.7188	1.945	1.648	1
-0.55	9.25	1.5497295856	1.2728	3.8538	3.7227	1.869	1.589	1
-0.55	9.25	1.551903367	1.2919	3.8635	3.7428	1.791	1.536	1
-0.55	9.25	1.5527406931	1.3084	3.8733	3.7659	1.72	1.49	1
-0.55	9.25	1.5531710386	1.326	3.8833	3.7883	1.648	1.443	1
-0.55	9.25	1.5534228086	1.3464	3.8934	3.8084	1.571	1.392	1
-0.55	9.25	1.5535788536	1.3684	3.9028	3.824	1.494	1.341	1
-0.55	9.25	1.5536738634	1.3833	3.9087	3.8327	1.445	1.308	2
-0.55	9.25	1.5537165403	1.3714	3.9058	3.8332	1.481	1.336	2
-0.55	9.25	1.5537723303	1.3461	3.897	3.8231	1.564	1.394	2
-0.55	9.25	1.5538327694	1.3362	3.886	3.7889	1.615	1.417	2
-0.55	9.25	1.5539102554	1.3474	3.8748	3.7331	1.614	1.39	2
-0.55	9.25	1.554012537	1.3613	3.8635	3.6739	1.61	1.358	2
-0.55	9.25	1.554142952	1.37	3.852	3.6195	1.623	1.342	2
-0.55	9.25	1.5543099642	1.3749	3.8405	3.5685	1.649	1.338	2
-0.55	9.25	1.5545347929	1.3768	3.8285	3.5186	1.687	1.342	2
-0.55	9.25	1.5548468828	1.3761	3.8161	3.4697	1.737	1.356	2
-0.55	9.25	1.5552989244	1.3713	3.8031	3.4229	1.804	1.381	2
-0.55	9.25	1.5558729172	1.36	3.7906	3.3843	1.894	1.428	2
-0.55	9.25	1.5564974546	1.3377	3.7784	3.3581	2.019	1.507	2
-0.55	9.25	1.5569514036	1.3119	3.7695	3.3485	2.131	1.586	2
-0.55	9.25	1.5573301315	1.2827	3.7618	3.3468	2.245	1.672	2
-0.55	9.25	1.5576603413	1.2542	3.7548	3.3471	2.356	1.757	2
-0.55	9.25	1.5580976009	1.2257	3.7455	3.3386	2.481	1.848	2
-0.55	9.25	1.5584584475	1.218	3.7385	3.3187	2.541	1.883	2
-0.55	9.25	1.5585352182	1.2177	3.7371	3.3135	2.551	1.888	3
-0.55	9.25	1.5588610172	1.232	3.7324	3.2804	2.545	1.864	3
-0.55	9.25	1.5594031811	1.2737	3.7266	3.2155	2.478	1.775	3
-0.55	9.25	1.5598338842	1.314	3.723	3.161	2.401	1.684	3
-0.55	9.25	1.5602383614	1.3545	3.7202	3.1095	2.318	1.591	3
-0.55	9.25	1.5606325865	1.395	3.7177	3.0591	2.235	1.498	3
-0.55	9.25	1.561019659	1.4353	3.7155	3.01	2.15	1.405	3
-0.55	9.25	1.5614039898	1.4753	3.7132	2.9611	2.067	1.312	3
-0.55	9.25	1.5617878437	1.5153	3.7111	2.9127	1.982	1.219	3
-0.55	9.25	1.5621712208	1.5551	3.7089	2.864	1.9	1.127	3
-0.55	9.25	1.5626497269	1.6044	3.7062	2.8041	1.796	1.014	3
-0.55	9.25	1.5631030798	1.6506	3.7036	2.7475	1.701	0.908	3
-0.55	9.25	1.563503027	1.6916	3.7013	2.6976	1.616	0.814	3
-0.55	9.25	1.5639830828	1.7406	3.6984	2.6373	1.517	0.703	3
-0.55	9.25	1.5643873215	1.7821	3.6961	2.5864	1.434	0.609	3
-0.55	9.25	1.5648510456	1.8314	3.6931	2.5253	1.336	0.499	3
-0.55	9.25	1.5652920008	1.8788	3.6902	2.4665	1.243	0.392	3
-0.55	9.25	1.5656981468	1.9212	3.6875	2.4134	1.164	0.298	3
-0.55	9.25	1.5661921501	1.972	3.6843	2.3498	1.07	0.186	3
-0.55	9.25	1.5665923357	2.0124	3.6817	2.2993	0.995	0.097	3
-0.55	9.25	1.5670269728	2.053	3.6791	2.2483	0.921	0.008	3
-0.55	9.25	1.5676960945	2.1059	3.6756	2.1817	0.826	-0.106	3
-0.55	9.25	1.5681885481	2.1263	3.6743	2.1563	0.789	-0.15	3
-0.55	9.25	1.5686860085	2.0935	3.6767	2.1985	0.846	-0.08	3
-0.55	9.25	1.568926096	2.0455	3.6801	2.2603	0.929	0.022	3
-0.55	9.25	1.5690802336	2.0038	3.6829	2.3133	1.005	0.113	3
-0.55	9.25	1.5692480803	1.9548	3.6863	2.3757	1.093	0.22	3
-0.55	9.25	1.5694310665	1.9072	3.6895	2.4362	1.18	0.324	3
-0.55	9.25	1.5695873499	1.8802	3.6913	2.4707	1.23	0.384	3
-0.55	9.25	1.5698121786	1.9053	3.6897	2.4391	1.182	0.328	3
-0.55	9.25	1.5702403784	1.9472	3.687	2.3865	1.105	0.235	3
-0.55	9.25	1.5706797838	1.9869	3.6844	2.3367	1.031	0.148	3
-0.55	9.25	1.5711351633	2.027	3.6819	2.2864	0.957	0.06	3
-0.55	9.25	1.5716824532	2.0756	3.6787	2.2252	0.869	-0.046	3
-0.55	9.25	1.5721230507	2.1156	3.676	2.1748	0.798	-0.132	3
-0.55	9.25	1.5725427866	2.1548	3.6733	2.125	0.729	-0.216	3
-0.55	9.25	1.5729501247	2.1942	3.6707	2.0751	0.66	-0.301	3
-0.55	9.25	1.5734193325	2.2416	3.6674	2.0146	0.579	-0.4	3
-0.55	9.25	1.5737891197	2.2806	3.6647	1.9648	0.515	-0.482	3
-0.55	9.25	1.5742204189	2.3285	3.6612	1.9033	0.439	-0.581	3
-0.55	9.25	1.5746200085	2.3757	3.6579	1.8427	0.366	-0.677	3
-0.55	9.25	1.5749944448	2.4228	3.6544	1.7818	0.295	-0.771	3
-0.55	9.25	1.5753420591	2.4696	3.6509	1.7213	0.225	-0.864	3
-0.55	9.25	1.575666666	2.5162	3.6475	1.6609	0.158	-0.955	3
-0.55	9.25	1.5759687424	2.5625	3.6441	1.6009	0.092	-1.045	3
-0.55	9.25	1.5762484074	2.6084	3.6406	1.5412	0.028	-1.134	3
-0.55	9.25	1.5765062571	2.6537	3.637	1.4818	-0.032	-1.218	3
-0.55	9.25	1.5767469406	2.699	3.6335	1.4225	-0.092	-1.301	3
-0.55	9.25	1.5769701004	2.7441	3.63	1.3633	-0.15	-1.384	3
-0.55	9.25	1.5771775246	2.7888	3.6265	1.3044	-0.205	-1.463	3
-0.55	9.25	1.577370286	2.8331	3.623	1.246	-0.26	-1.542	3
-0.55	9.25	1.5775488615	2.8772	3.6195	1.1881	-0.313	-1.619	3
-0.55	9.25	1.5777155161	2.9211	3.616	1.1301	-0.363	-1.693	3
-0.55	9.25	1.5778701305	2.9646	3.6125	1.0725	-0.412	-1.765	3
-0.55	9.25	1.5780135393	3.0075	3.6089	1.0153	-0.456	-1.834	3
-0.55	9.25	1.5781480074	3.0502	3.6054	0.9587	-0.491	-1.9	3
-0.55	9.25	1.5782754421	3.0931	3.6019	0.9019	-0.525	-1.967	3
-0.55	9.25	1.5783926249	3.1348	3.5984	0.8458	-0.553	-2.029	3
-0.55	9.25	1.5785034895	3.1765	3.5948	0.7898	-0.58	-2.089	3
-0.55	9.25	1.5785924196	3.21	3.592	0.7449	-0.602	-2.138	4
-0.55	9.25	1.5795556307	1.8085	3.7099	2.6183	1.259	0.49	4
-0.55	9.25	1.580576539	1.8152	3.7094	2.6099	1.245	0.474	4
-0.55	9.25	1.5816366673	1.8178	3.7095	2.6083	1.238	0.467	4
-0.55	9.25	1.5826812983	1.8193	3.7098	2.6082	1.231	0.462	4
-0.55	9.25	1.5836390257	1.8209	3.7101	2.6079	1.226	0.457	4
-0.55	9.25	1.5847014189	1.8228	3.7104	2.6074	1.219	0.452	4
-0.55	9.25	1.5857559443	1.8248	3.7106	2.6068	1.212	0.446	4
-0.55	9.25	1.5868065357	1.827	3.7109	2.6059	1.205	0.44	4
-0.55	9.25	1.5878548622	1.8294	3.7111	2.6046	1.197	0.433	4
-0.55	9.25	1.5888814926	1.8318	3.7113	2.6033	1.189	0.426	4
-0.55	9.25	1.5898786783	1.8342	3.7115	2.6019	1.182	0.42	4
-0.55	9.25	1.5908839703	1.8367	3.7117	2.6004	1.174	0.413	4
-0.55	9.25	1.5919059515	1.8394	3.7118	2.5987	1.167	0.406	4
-0.55	9.25	1.5929731131	1.8421	3.712	2.5969	1.158	0.398	4
-0.55	9.25	1.5938720703	1.8445	3.7121	2.5954	1.152	0.392	4
-0.55	9.25	1.5940740108	1.845	3.7121	2.595	1.15	0.39	4
-0.55	9.25	1.5951690674	1.848	3.7123	2.5929	1.142	0.383	4
-0.55	9.25	1.5962435007	1.8509	3.7124	2.5906	1.134	0.375	4
-0.55	9.25	1.5972889662	1.8539	3.7125	2.5883	1.126	0.367	4
-0.55	9.25	1.5983428955	1.8568	3.7125	2.5859	1.118	0.36	4
-0.55	9.25	1.599458456	1.8601	3.7126	2.5832	1.109	0.351	4
-0.55	9.25	1.6006103754	1.8634	3.7126	2.5801	1.101	0.343	4
-0.55	9.25	1.6017329693	1.867	3.7125	2.5766	1.093	0.334	4
-0.55	9.25	1.6018399	1.8673	3.7125	2.5763	1.092	0.334	4
-0.55	9.25	1.6026898623	1.8698	3.7125	2.5739	1.086	0.327	4
-0.55	9.25	1.6036105156	1.8728	3.7123	2.5708	1.079	0.32	4
-0.55	9.25	1.6045491695	1.8761	3.7121	2.567	1.072	0.313	4
-0.55	9.25	1.6054873466	1.8796	3.7119	2.5627	1.065	0.305	4
-0.55	9.25	1.6064293385	1.8834	3.7115	2.5578	1.058	0.296	4
-0.55	9.25	1.6073528528	1.8875	3.7111	2.5523	1.051	0.287	4
-0.55	9.25	1.6082720757	1.8921	3.7107	2.5461	1.043	0.277	4
-0.55	9.25	1.6091964245	1.8973	3.7101	2.5387	1.035	0.266	4
-0.55	9.25	1.6101125479	1.9025	3.7095	2.5316	1.026	0.256	4
-0.55	9.25	1.6110367775	1.9109	3.7085	2.5193	1.014	0.239	4
-0.55	9.25	1.6114076376	1.9147	3.708	2.5135	1.008	0.231	4
-0.55	9.25	1.6114164591	1.9148	3.708	2.5134	1.008	0.231	4
-0.55	9.25	1.612552762	1.9388	3.7049	2.4775	0.973	0.182	4
-0.55	9.25	1.6132073402	1.9767	3.7006	2.4225	0.915	0.103	4
-0.55	9.25	1.6134625673	2.0157	3.6966	2.3679	0.852	0.021	4
-0.55	9.25	1.6135582924	2.054	3.693	2.3149	0.79	-0.06	4
-0.55	9.25	1.6136014462	2.0931	3.6895	2.262	0.724	-0.143	4
-0.55	9.25	1.6136221886	2.1258	3.6867	2.2182	0.67	-0.212	7
-0.55	9.25	1.613622427	2.1263	3.6867	2.2175	0.669	-0.213	7
-0.55	9.25	1.6136260033	2.1334	3.6861	2.208	0.658	-0.228	7
-0.55	9.25	1.6136440039	2.1738	3.6828	2.1543	0.59	-0.314	7
-0.55	9.25	1.6136608124	2.2133	3.6796	2.102	0.524	-0.397	7
-0.55	9.25	1.6136772633	2.247	3.6768	2.0573	0.469	-0.467	7
-0.55	9.25	1.613701582	2.283	3.674	2.0099	0.41	-0.542	7
-0.55	9.25	1.6137458086	2.2539	3.6764	2.0488	0.456	-0.482	7
-0.55	9.25	1.6137982607	2.216	3.6795	2.0991	0.518	-0.403	7
-0.55	9.25	1.6139960289	2.1814	3.6823	2.1451	0.575	-0.331	7
-0.55	9.25	1.6147170067	2.2065	3.6802	2.1115	0.534	-0.383	7
-0.55	9.25	1.6151682138	2.2482	3.6767	2.0562	0.467	-0.469	7
-0.55	9.25	1.6155312061	2.2909	3.6733	1.9998	0.397	-0.558	7
-0.55	9.25	1.6158303022	2.3325	3.6699	1.9449	0.332	-0.644	7
-0.55	9.25	1.6160840988	2.3739	3.6666	1.8901	0.27	-0.727	7
-0.55	9.25	1.6163015366	2.415	3.6632	1.8357	0.21	-0.81	7
-0.55	9.25	1.6164908409	2.4558	3.6599	1.7818	0.15	-0.892	7
-0.55	9.25	1.6166604757	2.4963	3.6566	1.7282	0.093	-0.97	7
-0.55	9.25	1.6168146133	2.5368	3.6533	1.6744	0.036	-1.049	7
-0.55	9.25	1.6169556379	2.5776	3.65	1.6202	-0.021	-1.128	7
-0.55	9.25	1.6170822382	2.6184	3.6466	1.566	-0.075	-1.204	7
-0.55	9.25	1.6171988249	2.6578	3.6433	1.5133	-0.125	-1.278	7
-0.55	9.25	1.6173137426	2.6975	3.64	1.4604	-0.177	-1.352	7
-0.55	9.25	1.6174260378	2.7371	3.6366	1.4075	-0.226	-1.423	7
-0.55	9.25	1.6175369024	2.7769	3.6334	1.3546	-0.275	-1.494	7
-0.55	9.25	1.6176447868	2.8175	3.6299	1.3002	-0.324	-1.567	7
-0.55	9.25	1.6177405119	2.8605	3.6262	1.2426	-0.373	-1.64	7
-0.55	9.25	1.6178095341	2.9055	3.6224	1.1822	-0.424	-1.717	7
-0.55	9.25	1.6178568602	2.9476	3.6188	1.1257	-0.47	-1.787	7
-0.55	9.25	1.6178990602	2.9884	3.6153	1.071	-0.513	-1.853	7
-0.55	9.25	1.6179380417	3.0293	3.6117	1.0158	-0.554	-1.918	7
-0.55	9.25	1.6179722548	3.0679	3.6084	0.9638	-0.585	-1.978	7
-0.55	9.25	1.6180040836	3.1079	3.6048	0.9097	-0.611	-2.037	7
-0.55	9.25	1.6180423498	3.1468	3.6014	0.857	-0.636	-2.094	7
-0.55	9.25	1.6180690527	3.1618	3.6001	0.8369	-0.646	-2.117	7
-0.55	9.25	1.6180762053	3.1892	3.5976	0.7996	-0.662	-2.155	7
-0.55	9.25	1.6180802584	3.2182	3.595	0.7603	-0.678	-2.195	7
-0.55	9.25	1.618086338	3.2613	3.5911	0.7014	-0.701	-2.255	7
-0.55	9.25	1.6180944443	3.2924	3.5882	0.6587	-0.715	-2.296	7
-0.55	9.25	1.618098855	3.3308	3.5846	0.6057	-0.73	-2.344	7
-0.55	9.25	1.6181051731	3.3768	3.5802	0.5421	-0.746	-2.401	7
-0.55	9.25	1.6181148291	3.4194	3.576	0.4831	-0.759	-2.447	7
-0.55	9.25	1.6181249619	3.44	3.574	0.4543	-0.767	-2.467	7
-0.55	9.25	1.6181255579	3.4401	3.574	0.454	-0.766	-2.467	8
-0.55	9.25	1.6181256771	3.4369	3.5742	0.4604	-0.765	-2.463	8
-0.55	9.25	1.6181257963	3.4319	3.5747	0.47	-0.762	-2.457	8
-0.55	9.25	1.6181259155	3.4262	3.5752	0.4812	-0.759	-2.451	8
-0.55	9.25	1.6181260347	3.4213	3.5756	0.4908	-0.757	-2.445	8
-0.55	9.25	1.6181284189	3.421	3.5755	0.4922	-0.756	-2.444	8
-0.55	9.25	1.6181308031	3.4232	3.5753	0.4888	-0.756	-2.445	8
-0.55	9.25	1.6181330681	3.4254	3.5751	0.4854	-0.756	-2.447	8
-0.55	9.25	1.6181354523	3.4276	3.5748	0.4821	-0.757	-2.449	8
-0.55	9.25	1.6181378365	3.4298	3.5746	0.4787	-0.757	-2.451	8
-0.55	9.25	1.6181402206	3.4319	3.5743	0.4754	-0.757	-2.452	8
-0.55	9.25	1.6181424856	3.4341	3.5741	0.472	-0.757	-2.454	8
-0.55	9.25	1.6181448698	3.4363	3.5738	0.4687	-0.757	-2.456	8
-0.55	9.25	1.618147254	3.4385	3.5736	0.4653	-0.758	-2.458	8
-0.55	9.25	1.6181496382	3.4407	3.5733	0.4619	-0.758	-2.459	8
-0.55	9.25	1.6181519032	3.4429	3.5731	0.4586	-0.758	-2.461	8
-0.55	9.25	1.6181542873	3.445	3.5729	0.4552	-0.758	-2.463	8
-0.55	9.25	1.6181566715	3.4472	3.5726	0.4519	-0.758	-2.465	8
-0.55	9.25	1.6181590557	3.4494	3.5724	0.4485	-0.759	-2.466	8
-0.55	9.25	1.6181614399	3.4516	3.5721	0.4451	-0.759	-2.468	8
-0.55	9.25	1.6181637049	3.4538	3.5719	0.4418	-0.759	-2.47	8
-0.55	9.25	1.6181660891	3.456	3.5716	0.4384	-0.759	-2.472	8
-0.55	9.25	1.6181684732	3.4581	3.5714	0.4351	-0.759	-2.473	8
-0.55	9.25	1.6181708574	3.4603	3.5711	0.4317	-0.76	-2.475	8
-0.55	9.25	1.6181731224	3.4625	3.5709	0.4283	-0.76	-2.477	8
-0.55	9.25	1.6181755066	3.4647	3.5707	0.425	-0.76	-2.479	8
-0.55	9.25	1.6181778908	3.4669	3.5704	0.4216	-0.76	-2.48	8
-0.55	9.25	1.618180275	3.4691	3.5702	0.4183	-0.76	-2.482	8
-0.55	9.25	1.6181825399	3.4712	3.5699	0.4149	-0.76	-2.484	8
-0.55	9.25	1.6181849241	3.4734	3.5697	0.4115	-0.76	-2.485	8
-0.55	9.25	1.6181873083	3.4756	3.5694	0.4082	-0.76	-2.486	8
-0.55	9.25	1.6181904078	3.4776	3.5692	0.4049	-0.76	-2.486	8
-0.55	9.25	1.6181936264	3.4795	3.5689	0.4015	-0.759	-2.486	8
-0.55	9.25	1.6181967258	3.4815	3.5687	0.3982	-0.758	-2.486	8
-0.55	9.25	1.6181999445	3.4835	3.5684	0.3949	-0.757	-2.487	8
-0.55	9.25	1.6182030439	3.4854	3.5682	0.3916	-0.756	-2.487	8
-0.55	9.25	1.6182062626	3.4874	3.5679	0.3882	-0.756	-2.487	8
-0.55	9.25	1.618209362	3.4894	3.5677	0.3849	-0.755	-2.487	8
-0.55	9.25	1.6182124615	3.4913	3.5674	0.3816	-0.754	-2.488	8
-0.55	9.25	1.6182156801	3.4933	3.5671	0.3782	-0.753	-2.488	8
-0.55	9.25	1.6182187796	3.4953	3.5669	0.3749	-0.753	-2.488	8
-0.55	9.25	1.6182219982	3.4972	3.5666	0.3716	-0.752	-2.488	8
-0.55	9.25	1.6182250977	3.4992	3.5664	0.3683	-0.751	-2.489	8
-0.55	9.25	1.6182281971	3.5012	3.5661	0.3649	-0.75	-2.489	8
-0.55	9.25	1.6182314157	3.5032	3.5659	0.3616	-0.749	-2.489	8
-0.55	9.25	1.6182345152	3.5051	3.5656	0.3583	-0.749	-2.489	8
-0.55	9.25	1.6182377338	3.5071	3.5654	0.3549	-0.748	-2.49	8
-0.55	9.25	1.6182408333	3.5091	3.5651	0.3516	-0.747	-2.49	8
-0.55	9.25	1.6182440519	3.511	3.5649	0.3483	-0.746	-2.49	8
-0.55	9.25	1.6182471514	3.513	3.5646	0.3449	-0.746	-2.491	8
-0.55	9.25	1.6182502508	3.515	3.5643	0.3416	-0.745	-2.491	8
-0.55	9.25	1.6182534695	3.5169	3.5641	0.3383	-0.744	-2.491	8
-0.55	9.25	1.6182565689	3.5189	3.5638	0.3349	-0.743	-2.492	8
-0.55	9.25	1.6182597876	3.5209	3.5636	0.3316	-0.742	-2.492	8
-0.55	9.25	1.618262887	3.5228	3.5633	0.3283	-0.742	-2.492	8
-0.55	9.25	1.6182661057	3.5248	3.5631	0.3249	-0.741	-2.493	8
-0.55	9.25	1.6182692051	3.5268	3.5628	0.3216	-0.74	-2.493	8
-0.55	9.25	1.6182727814	3.5287	3.5625	0.318	-0.738	-2.493	8
-0.55	9.25	1.6182763577	3.5307	3.5622	0.3143	-0.737	-2.492	8
-0.55	9.25	1.6182799339	3.5326	3.5619	0.3107	-0.735	-2.492	8
-0.55	9.25	1.6182835102	3.5346	3.5616	0.307	-0.734	-2.491	8
-0.55	9.25	1.6182870865	3.5366	3.5613	0.3034	-0.732	-2.491	8
-0.55	9.25	1.6182906628	3.5385	3.5611	0.2997	-0.73	-2.491	8
-0.55	9.25	1.618294239	3.5405	3.5608	0.2961	-0.729	-2.49	8
-0.55	9.25	1.6182978153	3.5425	3.5605	0.2924	-0.727	-2.49	8
-0.55	9.25	1.6183013916	3.5444	3.5602	0.2888	-0.725	-2.49	8
-0.55	9.25	1.6183049679	3.5464	3.5599	0.2851	-0.723	-2.489	8
-0.55	9.25	1.6183085442	3.5484	3.5596	0.2815	-0.721	-2.487	8
-0.55	9.25	1.6183121204	3.5503	3.5593	0.2778	-0.718	-2.484	8
-0.55	9.25	1.6183156967	3.5523	3.559	0.2742	-0.716	-2.482	8
-0.55	9.25	1.618319273	3.5542	3.5587	0.2705	-0.713	-2.48	8
-0.55	9.25	1.6183228493	3.5562	3.5584	0.2669	-0.711	-2.478	8
-0.55	9.25	1.6183264256	3.5582	3.5581	0.2632	-0.709	-2.476	8
-0.55	9.25	1.6183300018	3.5601	3.5578	0.2595	-0.706	-2.474	8
-0.55	9.25	1.6183335781	3.5621	3.5575	0.2559	-0.704	-2.472	8
-0.55	9.25	1.6183371544	3.5641	3.5572	0.2522	-0.701	-2.47	8
-0.55	9.25	1.6183407307	3.566	3.5569	0.2486	-0.699	-2.468	8
-0.55	9.25	1.6183443069	3.568	3.5566	0.2449	-0.696	-2.466	8
-0.55	9.25	1.6183478832	3.57	3.5563	0.2413	-0.693	-2.464	8
-0.55	9.25	1.6183514595	3.5719	3.556	0.2376	-0.691	-2.462	8
-0.55	9.25	1.6183550358	3.5739	3.5557	0.2339	-0.688	-2.46	8
-0.55	9.25	1.6183586121	3.5758	3.5555	0.2303	-0.686	-2.458	8
-0.55	9.25	1.6183621883	3.5778	3.5552	0.2266	-0.683	-2.455	8
-0.55	9.25	1.6183658838	3.5794	3.5549	0.2231	-0.68	-2.453	8
-0.55	9.25	1.6183695793	3.5811	3.5546	0.2196	-0.677	-2.45	8
-0.55	9.25	1.6183731556	3.5827	3.5543	0.2162	-0.674	-2.447	8
-0.55	9.25	1.6183768511	3.5844	3.554	0.2127	-0.671	-2.444	8
-0.55	9.25	1.6183805466	3.586	3.5537	0.2092	-0.668	-2.442	8
-0.55	9.25	1.6183842421	3.5877	3.5534	0.2057	-0.664	-2.439	8
-0.55	9.25	1.6183878183	3.5893	3.5531	0.2022	-0.661	-2.436	8
-0.55	9.25	1.6183915138	3.591	3.5529	0.1987	-0.658	-2.434	8
-0.55	9.25	1.6183952093	3.5926	3.5526	0.1952	-0.655	-2.431	8
-0.55	9.25	1.6183989048	3.5942	3.5523	0.1917	-0.652	-2.428	8
-0.55	9.25	1.6184024811	3.5959	3.552	0.1882	-0.649	-2.425	8
-0.55	9.25	1.6184061766	3.5975	3.5517	0.1847	-0.645	-2.423	8
-0.55	9.25	1.6184098721	3.5992	3.5514	0.1812	-0.642	-2.42	8
-0.55	9.25	1.6184135675	3.6008	3.5511	0.1777	-0.639	-2.417	8
-0.55	9.25	1.618417263	3.6025	3.5508	0.1742	-0.636	-2.414	8
-0.55	9.25	1.6184208393	3.6041	3.5505	0.1707	-0.632	-2.411	8
-0.55	9.25	1.6184245348	3.6058	3.5503	0.1672	-0.629	-2.409	8
-0.55	9.25	1.6184282303	3.6074	3.55	0.1637	-0.626	-2.406	8
-0.55	9.25	1.6184319258	3.609	3.5497	0.1602	-0.622	-2.401	8
-0.55	9.25	1.6184355021	3.6107	3.5494	0.1567	-0.617	-2.396	8
-0.55	9.25	1.6184391975	3.6123	3.5491	0.1532	-0.613	-2.391	8
-0.55	9.25	1.618442893	3.614	3.5488	0.1497	-0.608	-2.386	8
-0.55	9.25	1.6184465885	3.6156	3.5485	0.1461	-0.604	-2.381	8
-0.55	9.25	1.6184501648	3.6173	3.5482	0.1426	-0.599	-2.376	8
-0.55	9.25	1.6184538603	3.6189	3.548	0.1391	-0.595	-2.372	8
-0.55	9.25	1.6184575558	3.6206	3.5477	0.1356	-0.59	-2.367	8
-0.55	9.25	1.6184607744	3.6223	3.5473	0.1317	-0.585	-2.361	8
-0.55	9.25	1.6184638739	3.6241	3.547	0.1278	-0.58	-2.355	8
-0.55	9.25	1.6184670925	3.6258	3.5467	0.1239	-0.574	-2.349	8
-0.55	9.25	1.6184703112	3.6275	3.5464	0.1201	-0.569	-2.343	8
-0.55	9.25	1.6184735298	3.6293	3.546	0.1162	-0.563	-2.337	8
-0.55	9.25	1.6184766293	3.631	3.5457	0.1123	-0.558	-2.331	8
-0.55	9.25	1.6184798479	3.6328	3.5454	0.1084	-0.552	-2.325	8
-0.55	9.25	1.6184830666	3.6345	3.545	0.1045	-0.547	-2.319	8
-0.55	9.25	1.6184862852	3.6363	3.5447	0.1006	-0.541	-2.313	8
-0.55	9.25	1.6184893847	3.638	3.5444	0.0967	-0.536	-2.307	8
-0.55	9.25	1.6184926033	3.6398	3.544	0.0928	-0.53	-2.301	8
-0.55	9.25	1.618495822	3.6415	3.5437	0.0889	-0.525	-2.295	8
-0.55	9.25	1.6184990406	3.6433	3.5434	0.085	-0.519	-2.289	8
-0.55	9.25	1.61850214	3.645	3.5431	0.0811	-0.514	-2.283	8
-0.55	9.25	1.6185053587	3.6468	3.5427	0.0772	-0.508	-2.277	8
-0.55	9.25	1.6185085773	3.6485	3.5424	0.0733	-0.503	-2.271	8
-0.55	9.25	1.6185116768	3.6503	3.5421	0.0693	-0.497	-2.265	8
-0.55	9.25	1.6185148954	3.652	3.5417	0.0654	-0.492	-2.259	8
-0.55	9.25	1.6185181141	3.6538	3.5414	0.0615	-0.486	-2.252	8
-0.55	9.25	1.6185213327	3.6555	3.5411	0.0576	-0.481	-2.246	8
-0.55	9.25	1.6185244322	3.6573	3.5407	0.0537	-0.475	-2.24	8
-0.55	9.25	1.6185276508	3.659	3.5404	0.0498	-0.47	-2.234	8
-0.55	9.25	1.6185308695	3.6608	3.5401	0.0458	-0.464	-2.228	8
-0.55	9.25	1.6185340881	3.6625	3.5398	0.0419	-0.457	-2.22	8
-0.55	9.25	1.6185371876	3.6642	3.5394	0.038	-0.45	-2.211	8
-0.55	9.25	1.6185404062	3.666	3.5391	0.0341	-0.442	-2.203	8
-0.55	9.25	1.6185433865	3.6675	3.5386	0.0295	-0.428	-2.186	8
-0.55	9.25	1.6185464859	3.669	3.5381	0.0249	-0.415	-2.17	8
-0.55	9.25	1.6185494661	3.6705	3.5376	0.0203	-0.401	-2.153	8
-0.55	9.25	1.6185525656	3.672	3.5371	0.0157	-0.387	-2.137	8
-0.55	9.25	1.6185555458	3.6736	3.5366	0.0111	-0.373	-2.12	8
-0.55	9.25	1.6185586452	3.6751	3.536	0.0065	-0.359	-2.104	8
-0.55	9.25	1.6185616255	3.6766	3.5355	0.0019	-0.345	-2.087	8
-0.55	9.25	1.6185647249	3.6781	3.535	-0.0027	-0.333	-2.071	8
-0.55	9.25	1.6185677052	3.6796	3.5345	-0.0073	-0.322	-2.054	8
-0.55	9.25	1.6185708046	3.6811	3.534	-0.0119	-0.312	-2.037	8
-0.55	9.25	1.6185737848	3.6826	3.5335	-0.0166	-0.301	-2.021	8
-0.55	9.25	1.6185768843	3.6841	3.533	-0.0212	-0.291	-2.004	8
-0.55	9.25	1.6185798645	3.6856	3.5325	-0.0258	-0.281	-1.987	8
-0.55	9.25	1.6185828447	3.6872	3.532	-0.0304	-0.27	-1.971	8
-0.55	9.25	1.6185859442	3.6887	3.5315	-0.0351	-0.26	-1.954	8
-0.55	9.25	1.6185889244	3.6902	3.531	-0.0397	-0.249	-1.937	8
-0.55	9.25	1.6185920238	3.6917	3.5305	-0.0443	-0.239	-1.921	8
-0.55	9.25	1.6185950041	3.6932	3.53	-0.0489	-0.228	-1.903	8
-0.55	9.25	1.6185981035	3.6947	3.5294	-0.0536	-0.211	-1.879	8
-0.55	9.25	1.6186010838	3.6962	3.5289	-0.0582	-0.195	-1.855	8
-0.55	9.25	1.6186041832	3.6977	3.5284	-0.0629	-0.179	-1.831	8
-0.55	9.25	1.6186071634	3.6993	3.5279	-0.0675	-0.491	-2.67	8
-0.55	9.25	1.6186102629	3.7008	3.5274	-0.0722	-0.485	-2.666	8
-0.55	9.25	1.6186132431	3.7023	3.5269	-0.0768	-0.479	-2.662	8
-0.55	9.25	1.6186163425	3.7038	3.5264	-0.0815	-0.473	-2.658	8
-0.55	9.25	1.6186193228	3.7053	3.5259	-0.0861	-0.467	-2.654	8
-0.55	9.25	1.6186220646	3.7068	3.5248	-0.0931	-0.451	-2.642	8
-0.55	9.25	1.6186248064	3.7084	3.5238	-0.1001	-0.435	-2.63	8
-0.55	9.25	1.6186275482	3.7099	3.5227	-0.1071	-0.419	-2.618	8
-0.55	9.25	1.6186304092	3.7115	3.5216	-0.1141	-0.403	-2.606	8
-0.55	9.25	1.6186331511	3.7131	3.5206	-0.1211	-0.387	-2.594	8
-0.55	9.25	1.6186358929	3.7146	3.5195	-0.1281	-0.372	-2.582	8
-0.55	9.25	1.6186386347	3.7162	3.5185	-0.1351	-0.356	-2.57	8
-0.55	9.25	1.6186413765	3.7177	3.5174	-0.1421	-0.34	-2.559	8
-0.55	9.25	1.6186441183	3.7193	3.5163	-0.1491	-0.325	-2.547	8
-0.55	9.25	1.6186469793	3.7208	3.5153	-0.1561	-0.31	-2.536	8
-0.55	9.25	1.6186497211	3.7224	3.5142	-0.1632	-0.294	-2.525	8
-0.55	9.25	1.618652463	3.7239	3.5132	-0.1702	-0.279	-2.514	8
-0.55	9.25	1.6186552048	3.7255	3.5121	-0.1772	-0.264	-2.502	8
-0.55	9.25	1.6186579466	3.727	3.511	-0.1843	-0.248	-2.491	8
-0.55	9.25	1.6186606884	3.7286	3.51	-0.1913	-0.233	-2.48	8
-0.55	9.25	1.6186634302	3.7301	3.5089	-0.1983	-0.218	-2.468	8
-0.55	9.25	1.6186662912	3.7317	3.5079	-0.2054	-0.204	-2.457	8
-0.55	9.25	1.6186690331	3.7332	3.5068	-0.2124	-0.192	-2.444	8
-0.55	9.25	1.6186717749	3.7348	3.5057	-0.2195	-0.179	-2.432	8
-0.55	9.25	1.6186745167	3.7363	3.5047	-0.2265	-0.166	-2.42	8
-0.55	9.25	1.6186772585	3.7379	3.5036	-0.2336	-0.153	-2.409	8
-0.55	9.25	1.6186800003	3.7394	3.5026	-0.2406	-0.14	-2.398	8
-0.55	9.25	1.6186828613	3.741	3.5015	-0.2477	-0.128	-2.387	8
-0.55	9.25	1.6186856031	3.7425	3.5004	-0.2548	-0.115	-2.377	8
-0.55	9.25	1.618688345	3.7441	3.4994	-0.2618	-0.102	-2.367	8
-0.55	9.25	1.6186910868	3.7456	3.4983	-0.2689	-0.089	-2.357	8
-0.55	9.25	1.6186935902	3.7469	3.4975	-0.2758	-0.079	-2.349	8
-0.55	9.25	1.6186962128	3.7483	3.4967	-0.2826	-0.068	-2.342	8
-0.55	9.25	1.6186987162	3.7496	3.4959	-0.2895	-0.058	-2.335	8
-0.55	9.25	1.6187012196	3.7509	3.4951	-0.2964	-0.048	-2.328	8
-0.55	9.25	1.6187038422	3.7523	3.4943	-0.3033	-0.037	-2.321	8
-0.55	9.25	1.6187063456	3.7536	3.4935	-0.3102	-0.025	-2.314	8
-0.55	9.25	1.618708849	3.7549	3.4927	-0.3171	-0.015	-2.308	8
-0.55	9.25	1.6187114716	3.7563	3.4919	-0.324	-0.004	-2.301	8
-0.55	9.25	1.618713975	3.7576	3.4911	-0.331	0.004	-2.295	8
-0.55	9.25	1.6187164783	3.7589	3.4903	-0.3379	0.009	-2.291	8
-0.55	9.25	1.618719101	3.7603	3.4894	-0.3449	0.015	-2.286	8
-0.55	9.25	1.6187216043	3.7616	3.4886	-0.3519	0.021	-2.28	8
-0.55	9.25	1.6187241077	3.763	3.4878	-0.3589	0.029	-2.275	8
-0.55	9.25	1.6187267303	3.7643	3.487	-0.3659	0.037	-2.268	8
-0.55	9.25	1.6187292337	3.7656	3.4862	-0.3729	0.045	-2.262	8
-0.55	9.25	1.6187318563	3.767	3.4854	-0.38	0.055	-2.255	8
-0.55	9.25	1.6187343597	3.7683	3.4846	-0.387	0.064	-2.247	8
-0.55	9.25	1.6187368631	3.7696	3.4838	-0.3941	0.075	-2.239	8
-0.55	9.25	1.6187394857	3.771	3.483	-0.4012	0.085	-2.232	8
-0.55	9.25	1.6187419891	3.7723	3.4822	-0.4083	0.089	-2.227	8
-0.55	9.25	1.6187444925	3.7736	3.4814	-0.4154	0.093	-2.223	8
-0.55	9.25	1.6187471151	3.775	3.4806	-0.4225	0.097	-2.219	8
-0.55	9.25	1.6187496185	3.7763	3.4798	-0.4297	0.1	-2.215	8
-0.55	9.25	1.6187521219	3.7776	3.479	-0.4369	0.102	-2.212	8
-0.55	9.25	1.6187547445	3.779	3.4782	-0.444	0.104	-2.209	8
-0.55	9.25	1.6187572479	3.7803	3.4773	-0.4512	0.106	-2.206	8
-0.55	9.25	1.6187592745	3.7795	3.4816	-0.4408	0.058	-2.247	8
-0.55	9.25	1.6187611818	3.7787	3.4859	-0.4304	0.006	-2.289	8
-0.55	9.25	1.6187632084	3.7779	3.4902	-0.4203	-0.049	-2.334	8
-0.55	9.25	1.6187651157	3.7771	3.4945	-0.4102	-0.112	-2.384	8
-0.55	9.25	1.6187671423	3.7763	3.4987	-0.4003	-0.176	-2.435	8
-0.55	9.25	1.6187690496	3.7755	3.503	-0.3905	-0.239	-2.484	8
-0.55	9.25	1.6187710762	3.7748	3.5073	-0.3809	-0.311	-2.537	8
-0.55	9.25	1.6187729836	3.774	3.5116	-0.3715	-0.387	-2.594	8
-0.55	9.25	1.6187750101	3.7732	3.5158	-0.3622	-0.461	-2.65	8
-0.55	9.25	1.6187769175	3.7724	3.5201	-0.3531	-0.533	-2.709	8
-0.55	9.25	1.618778944	3.7716	3.5244	-0.3442	-0.604	-2.772	8
-0.55	9.25	1.6187808514	3.7708	3.5287	-0.3355	-0.676	-2.835	8
-0.55	9.25	1.6187828779	3.77	3.533	-0.327	-0.753	-2.899	8
-0.55	9.25	1.6187849045	3.7692	3.5372	-0.3187	-0.837	-2.963	8
-0.55	9.25	1.6187868118	3.7684	3.5415	-0.3106	-0.921	-3.028	8
-0.55	9.25	1.6187888384	3.7676	3.5458	-0.3027	-0.997	-3.089	8
-0.55	9.25	1.6187907457	3.7668	3.5501	-0.2951	-1.06	-3.145	8
-0.55	9.25	1.6187927723	3.7661	3.5543	-0.2877	-1.123	-3.2	8
-0.55	9.25	1.6187946796	3.7653	3.5586	-0.2805	-1.184	-3.254	8
-0.55	9.25	1.6187967062	3.7645	3.5629	-0.2737	-1.243	-3.307	8
-0.55	9.25	1.6187986135	3.7637	3.5672	-0.2671	-1.302	-3.359	8
-0.55	9.25	1.6188006401	3.7629	3.5715	-0.2609	-1.358	-3.409	8
-0.55	9.25	1.6188025475	3.7621	3.5757	-0.2549	-1.413	-3.458	8
-0.55	9.25	1.618804574	3.7613	3.58	-0.2493	-1.468	-3.507	8
-0.55	9.25	1.6188064814	3.7605	3.5843	-0.2441	-1.518	-3.552	8
-0.55	9.25	1.6188085079	3.7597	3.5886	-0.2392	-1.568	-3.596	8
