# File generated by 'createIsoFiles.py' on Fri Nov 24 15:30:43 2017.
# Content of file: isochrone table with t = 11.22Gyr, [Fe/H] = -0.7.
# Isochrone tables in this file have been created by
# on the basis of PARSEC isochrones.
# NOTE: templates with M < 0.1 Msun have been.
# removed (considered below LMCO).
# -----------------------------------------------------------------
# FeH	log(age/yr)	M_ini	logL/Lo	logTeff	logg	 B	 V	 stage
-0.7	10.05	0.1000000015	-3.0686	3.4528	5.2697	17.835	15.924	1
-0.7	10.05	0.1199999973	-2.7936	3.486	5.2069	16.119	14.323	1
-0.7	10.05	0.1400000006	-2.6075	3.5051	5.1638	15.155	13.431	1
-0.7	10.05	0.1599999964	-2.4645	3.5176	5.1292	14.503	12.832	1
-0.7	10.05	0.200000003	-2.242	3.5342	5.07	13.608	12.017	1
-0.7	10.05	0.25	-2.0336	3.5469	5.0091	12.858	11.329	1
-0.7	10.05	0.330037266	-1.7887	3.5608	4.9405	12.025	10.557	1
-0.7	10.05	0.3800372779	-1.6418	3.5709	4.8952	11.512	10.085	1
-0.7	10.05	0.4300372601	-1.4774	3.5845	4.8388	10.921	9.552	1
-0.7	10.05	0.480037272	-1.2939	3.6039	4.7807	10.22	8.939	1
-0.7	10.05	0.5300372839	-1.0859	3.6324	4.7297	9.356	8.219	1
-0.7	10.05	0.5800372958	-0.8766	3.6656	4.6924	8.411	7.454	1
-0.7	10.05	0.5937104821	-0.8202	3.6746	4.6823	8.17	7.256	1
-0.7	10.05	0.6300372481	-0.6757	3.6978	4.656	7.585	6.764	1
-0.7	10.05	0.643656373	-0.6212	3.7063	4.6449	7.38	6.59	1
-0.7	10.05	0.6571012735	-0.5675	3.7146	4.6333	7.183	6.424	1
-0.7	10.05	0.6701532602	-0.5153	3.7225	4.6213	6.997	6.267	1
-0.7	10.05	0.6800372601	-0.4757	3.7284	4.6116	6.859	6.15	1
-0.7	10.05	0.6899887323	-0.4355	3.734	4.6001	6.724	6.034	1
-0.7	10.05	0.704518795	-0.3762	3.742	4.5818	6.529	5.867	1
-0.7	10.05	0.7175251245	-0.3226	3.7489	4.5638	6.356	5.719	1
-0.7	10.05	0.7298440933	-0.2709	3.7553	4.545	6.193	5.579	1
-0.7	10.05	0.730037272	-0.2701	3.7554	4.5447	6.19	5.577	1
-0.7	10.05	0.7369799018	-0.2405	3.7586	4.532	6.099	5.498	1
-0.7	10.05	0.7459719777	-0.2016	3.7626	4.5144	5.982	5.394	1
-0.7	10.05	0.7549614906	-0.1619	3.7665	4.4954	5.863	5.29	1
-0.7	10.05	0.7673048377	-0.1059	3.7715	4.4666	5.698	5.144	1
-0.7	10.05	0.7789179683	-0.051	3.776	4.436	5.54	5.002	1
-0.7	10.05	0.7800372839	-0.0456	3.7764	4.4329	5.524	4.988	1
-0.7	10.05	0.7835943699	-0.0283	3.7775	4.4223	5.476	4.943	1
-0.7	10.05	0.7918211222	0.0133	3.7802	4.3957	5.359	4.837	1
-0.7	10.05	0.7998508811	0.0558	3.7826	4.3671	5.24	4.728	1
-0.7	10.05	0.8104659915	0.1139	3.7853	4.3258	5.08	4.579	1
-0.7	10.05	0.8204104304	0.1701	3.7872	4.2824	4.929	4.436	1
-0.7	10.05	0.8291782141	0.2236	3.7884	4.2382	4.788	4.3	1
-0.7	10.05	0.8300372958	0.2291	3.7885	4.2334	4.773	4.286	1
-0.7	10.05	0.8311303258	0.2362	3.7886	4.2273	4.755	4.268	1
-0.7	10.05	0.8350837827	0.2627	3.7886	4.203	4.687	4.202	1
-0.7	10.05	0.8430826664	0.3205	3.7875	4.145	4.546	4.058	1
-0.7	10.05	0.8495672941	0.3718	3.785	4.0869	4.428	3.933	2
-0.7	10.05	0.8543419838	0.4141	3.7807	4.0299	4.341	3.832	2
-0.7	10.05	0.8583251238	0.4519	3.7741	3.9674	4.276	3.746	2
-0.7	10.05	0.8611372113	0.4777	3.7655	3.9086	4.251	3.692	2
-0.7	10.05	0.8632871509	0.4958	3.7548	3.8488	4.26	3.664	2
-0.7	10.05	0.8648346663	0.5122	3.7445	3.7921	4.274	3.642	2
-0.7	10.05	0.866194725	0.5397	3.7351	3.7277	4.259	3.595	2
-0.7	10.05	0.8672550321	0.5756	3.729	3.6677	4.206	3.52	2
-0.7	10.05	0.8681108356	0.6133	3.7249	3.614	4.137	3.437	3
-0.7	10.05	0.8689016104	0.6571	3.722	3.5593	4.044	3.336	3
-0.7	10.05	0.8696622849	0.7042	3.7197	3.5034	3.94	3.224	3
-0.7	10.05	0.8703852296	0.7534	3.7178	3.4468	3.83	3.108	3
-0.7	10.05	0.8710523844	0.8028	3.7162	3.3912	3.718	2.989	3
-0.7	10.05	0.8715544939	0.8429	3.7149	3.3463	3.626	2.893	3
-0.7	10.05	0.8720383048	0.8846	3.7137	3.2998	3.53	2.793	3
-0.7	10.05	0.8726220131	0.9392	3.7121	3.2391	3.405	2.661	3
-0.7	10.05	0.8731390834	0.9922	3.7105	3.1798	3.283	2.534	3
-0.7	10.05	0.8735799789	1.0416	3.7089	3.1243	3.171	2.416	3
-0.7	10.05	0.8740023971	1.0936	3.7072	3.0656	3.054	2.292	3
-0.7	10.05	0.8742970824	1.133	3.7058	3.0208	2.965	2.197	3
-0.7	10.05	0.8746446967	1.1841	3.7039	2.9624	2.851	2.076	3
-0.7	10.05	0.8749557137	1.2341	3.702	2.9049	2.74	1.958	3
-0.7	10.05	0.875231266	1.2824	3.7001	2.8489	2.634	1.844	3
-0.7	10.05	0.8754751086	1.3293	3.6981	2.7943	2.534	1.736	3
-0.7	10.05	0.8757117391	1.379	3.696	2.7362	2.427	1.62	3
-0.7	10.05	0.8759117126	1.4249	3.694	2.682	2.33	1.514	3
-0.7	10.05	0.8760887384	1.4689	3.6919	2.6299	2.236	1.413	3
-0.7	10.05	0.8762541413	1.5134	3.6898	2.577	2.143	1.31	3
-0.7	10.05	0.8764055371	1.5574	3.6877	2.5243	2.052	1.211	3
-0.7	10.05	0.8765397668	1.5993	3.6856	2.474	1.967	1.116	3
-0.7	10.05	0.8766639829	1.6409	3.6834	2.4237	1.885	1.022	3
-0.7	10.05	0.8767806888	1.6819	3.6812	2.374	1.804	0.929	3
-0.7	10.05	0.8768895268	1.7201	3.6791	2.3274	1.73	0.843	3
-0.7	10.05	0.8770141006	1.7558	3.6773	2.2843	1.661	0.763	3
-0.7	10.05	0.8770897388	1.7704	3.6766	2.2667	1.632	0.73	3
-0.7	10.05	0.8772330284	1.7298	3.6796	2.3192	1.702	0.816	3
-0.7	10.05	0.8772608042	1.7428	3.6789	2.3033	1.677	0.787	3
-0.7	10.05	0.8773530126	1.7868	3.6764	2.2493	1.594	0.69	3
-0.7	10.05	0.8774414062	1.8309	3.6738	2.1949	1.511	0.593	3
-0.7	10.05	0.8775221705	1.8738	3.6713	2.1417	1.431	0.499	3
-0.7	10.05	0.8775975704	1.9168	3.6687	2.0883	1.352	0.405	3
-0.7	10.05	0.877666235	1.9587	3.6661	2.0359	1.277	0.314	3
-0.7	10.05	0.8777306676	2.0011	3.6635	1.9827	1.202	0.224	3
-0.7	10.05	0.8777887821	2.0422	3.6608	1.931	1.132	0.136	3
-0.7	10.05	0.8778434992	2.0838	3.6581	1.8784	1.064	0.05	3
-0.7	10.05	0.8778923154	2.1239	3.6555	1.8276	0.999	-0.033	3
-0.7	10.05	0.877938807	2.165	3.6528	1.7753	0.933	-0.117	3
-0.7	10.05	0.8779802322	2.2044	3.6501	1.725	0.87	-0.198	3
-0.7	10.05	0.8780199885	2.245	3.6473	1.673	0.809	-0.278	3
-0.7	10.05	0.878064096	2.2939	3.6439	1.6101	0.735	-0.375	3
-0.7	10.05	0.8780969977	2.3337	3.6411	1.5588	0.676	-0.454	3
-0.7	10.05	0.8781344295	2.3823	3.6377	1.4961	0.605	-0.548	3
-0.7	10.05	0.8781673908	2.4293	3.6342	1.4348	0.539	-0.637	3
-0.7	10.05	0.8781983852	2.4776	3.6307	1.3719	0.47	-0.729	3
-0.7	10.05	0.8782268167	2.5255	3.6272	1.3093	0.404	-0.818	3
-0.7	10.05	0.8782521486	2.5721	3.6236	1.2479	0.343	-0.903	3
-0.7	10.05	0.8782758713	2.6194	3.62	1.1854	0.282	-0.988	3
-0.7	10.05	0.8782985806	2.6683	3.6164	1.1212	0.22	-1.074	3
-0.7	10.05	0.8783179522	2.7136	3.6128	1.0609	0.167	-1.151	3
-0.7	10.05	0.8783362508	2.7597	3.6091	0.9991	0.115	-1.228	3
-0.7	10.05	0.8783539534	2.8078	3.6053	0.9347	0.077	-1.305	3
-0.7	10.05	0.8783695102	2.8535	3.6017	0.8735	0.042	-1.378	3
-0.7	10.05	0.8783841729	2.8998	3.5979	0.8106	0.01	-1.448	3
-0.7	10.05	0.8783979416	2.9467	3.594	0.7468	-0.02	-1.518	3
-0.7	10.05	0.8784108162	2.9936	3.5902	0.6829	-0.051	-1.589	3
-0.7	10.05	0.8784225583	3.0392	3.5864	0.6202	-0.074	-1.652	3
-0.7	10.05	0.8784335852	3.0852	3.5824	0.5561	-0.095	-1.714	3
-0.7	10.05	0.8784440756	3.1321	3.5783	0.4904	-0.115	-1.775	3
-0.7	10.05	0.8784536719	3.1782	3.5742	0.4253	-0.136	-1.827	3
-0.7	10.05	0.8784626722	3.2238	3.5699	0.3598	-0.154	-1.877	3
-0.7	10.05	0.8784709573	3.2685	3.5656	0.2946	-0.163	-1.911	3
-0.7	10.05	0.8784788847	3.3131	3.5612	0.2287	-0.171	-1.945	3
-0.7	10.05	0.8784877062	3.3625	3.5566	0.1554	-0.174	-1.969	4
-0.7	10.05	0.8785537481	1.7368	3.7125	2.4049	1.409	0.664	4
-0.7	10.05	0.8786146045	1.7399	3.7124	2.4012	1.402	0.656	4
-0.7	10.05	0.8786813617	1.7413	3.7125	2.4004	1.397	0.652	4
-0.7	10.05	0.8787429929	1.7411	3.7129	2.4021	1.395	0.651	4
-0.7	10.05	0.8788048029	1.7401	3.7134	2.4053	1.393	0.652	4
-0.7	10.05	0.8788686991	1.7386	3.7141	2.4095	1.392	0.654	4
-0.7	10.05	0.8789319396	1.7368	3.7147	2.4139	1.392	0.656	4
-0.7	10.05	0.8789932132	1.7351	3.7154	2.4182	1.391	0.659	4
-0.7	10.05	0.8790568709	1.7335	3.716	2.4224	1.39	0.66	4
-0.7	10.05	0.8791230917	1.7321	3.7166	2.4262	1.389	0.662	4
-0.7	10.05	0.8791891932	1.7309	3.7171	2.4296	1.388	0.663	4
-0.7	10.05	0.8792536855	1.7299	3.7176	2.4325	1.387	0.664	4
-0.7	10.05	0.8793206811	1.7291	3.7181	2.4352	1.386	0.665	4
-0.7	10.05	0.8793671727	1.7287	3.7183	2.4368	1.385	0.665	4
-0.7	10.05	0.8793874979	1.7285	3.7185	2.4374	1.384	0.665	4
-0.7	10.05	0.8794547915	1.7282	3.7188	2.4391	1.382	0.665	4
-0.7	10.05	0.8795217872	1.7282	3.719	2.4401	1.38	0.664	4
-0.7	10.05	0.8795891404	1.7285	3.7192	2.4405	1.378	0.663	4
-0.7	10.05	0.8796524405	1.7292	3.7192	2.44	1.376	0.661	4
-0.7	10.05	0.879714489	1.7302	3.7192	2.4391	1.374	0.659	4
-0.7	10.05	0.8797782063	1.7316	3.7191	2.4372	1.371	0.655	4
-0.7	10.05	0.8798244596	1.7329	3.719	2.4355	1.369	0.653	4
-0.7	10.05	0.8798441291	1.7335	3.7189	2.4345	1.368	0.651	4
-0.7	10.05	0.8799032569	1.7358	3.7186	2.4312	1.365	0.646	4
-0.7	10.05	0.8799607754	1.7384	3.7183	2.4271	1.361	0.641	4
-0.7	10.05	0.8800199628	1.7415	3.7178	2.4223	1.357	0.635	4
-0.7	10.05	0.8800797462	1.7453	3.7173	2.4164	1.351	0.627	4
-0.7	10.05	0.8801397085	1.7494	3.7167	2.41	1.346	0.618	4
-0.7	10.05	0.8801990747	1.7542	3.716	2.4025	1.339	0.609	4
-0.7	10.05	0.8802575469	1.7593	3.7153	2.3945	1.332	0.598	4
-0.7	10.05	0.8803160191	1.7623	3.7149	2.3901	1.327	0.592	4
-0.7	10.05	0.8803773522	1.7688	3.7142	2.3807	1.316	0.577	4
-0.7	10.05	0.8804354668	1.7802	3.7125	2.3628	1.301	0.554	4
-0.7	10.05	0.8804952502	1.7986	3.7102	2.3348	1.274	0.516	4
-0.7	10.05	0.8805531859	1.8318	3.7061	2.2855	1.224	0.447	4
-0.7	10.05	0.8805850744	1.8689	3.7017	2.2308	1.169	0.369	4
-0.7	10.05	0.8806005716	1.9066	3.6973	2.1756	1.112	0.292	4
-0.7	10.05	0.8806077242	1.9445	3.6931	2.1207	1.056	0.214	4
-0.7	10.05	0.8806113005	1.9828	3.6889	2.0657	0.999	0.135	4
-0.7	10.05	0.8806132078	2.0199	3.6851	2.0132	0.943	0.061	4
-0.7	10.05	0.8806143999	2.0541	3.6815	1.9649	0.893	-0.009	7
-0.7	10.05	0.880615592	2.0995	3.6772	1.902	0.827	-0.1	7
-0.7	10.05	0.8806167245	2.1425	3.6731	1.8429	0.765	-0.186	7
-0.7	10.05	0.8806192279	2.1775	3.67	1.7954	0.714	-0.257	7
-0.7	10.05	0.8806219697	2.1468	3.673	1.8379	0.757	-0.196	7
-0.7	10.05	0.8806506991	2.1266	3.6747	1.865	0.787	-0.154	7
-0.7	10.05	0.8806784749	2.1671	3.6707	1.8088	0.731	-0.235	7
-0.7	10.05	0.8806989193	2.2098	3.6666	1.7494	0.674	-0.318	7
-0.7	10.05	0.8807126284	2.2429	3.6634	1.7037	0.63	-0.382	7
-0.7	10.05	0.8807293773	2.279	3.6601	1.6543	0.58	-0.452	7
-0.7	10.05	0.8807461858	2.3187	3.6565	1.6001	0.528	-0.527	7
-0.7	10.05	0.8807615042	2.3588	3.6528	1.5452	0.476	-0.603	7
-0.7	10.05	0.8807754517	2.3995	3.6491	1.4899	0.423	-0.679	7
-0.7	10.05	0.8807880878	2.4405	3.6454	1.4341	0.371	-0.754	7
-0.7	10.05	0.8807995319	2.4818	3.6417	1.3778	0.319	-0.829	7
-0.7	10.05	0.8808098435	2.5231	3.6379	1.3216	0.269	-0.903	7
-0.7	10.05	0.8808192015	2.5639	3.6342	1.2659	0.221	-0.974	7
-0.7	10.05	0.8808278441	2.6047	3.6305	1.2103	0.173	-1.045	7
-0.7	10.05	0.88083601	2.6454	3.6268	1.1548	0.127	-1.114	7
-0.7	10.05	0.8808438182	2.6862	3.6231	1.0992	0.083	-1.183	7
-0.7	10.05	0.8808515072	2.7272	3.6193	1.0432	0.039	-1.25	7
-0.7	10.05	0.8808588386	2.7695	3.6155	0.9855	-0.0	-1.317	7
-0.7	10.05	0.8808655739	2.8111	3.6117	0.9287	-0.028	-1.381	7
-0.7	10.05	0.880871892	2.8568	3.6075	0.8662	-0.055	-1.449	7
-0.7	10.05	0.8808767796	2.9057	3.603	0.7992	-0.082	-1.519	7
-0.7	10.05	0.8808803558	2.9508	3.5987	0.7372	-0.105	-1.583	7
-0.7	10.05	0.8808834553	2.9958	3.5945	0.675	-0.124	-1.644	7
-0.7	10.05	0.8808864951	3.0423	3.59	0.6107	-0.143	-1.707	7
-0.7	10.05	0.8808889985	3.0826	3.5861	0.5547	-0.154	-1.756	7
-0.7	10.05	0.8808917403	3.1356	3.5808	0.4806	-0.168	-1.819	7
-0.7	10.05	0.8808937669	3.1833	3.5756	0.4122	-0.174	-1.861	7
-0.7	10.05	0.8808941841	3.2277	3.5707	0.3483	-0.176	-1.898	7
-0.7	10.05	0.8808944225	3.254	3.5679	0.3106	-0.176	-1.915	7
-0.7	10.05	0.8808946609	3.2804	3.565	0.2727	-0.176	-1.93	7
-0.7	10.05	0.8808951974	3.3146	3.5612	0.2233	-0.173	-1.948	7
-0.7	10.05	0.8808954358	3.3202	3.5606	0.2154	-0.173	-1.951	7
-0.7	10.05	0.8808956146	3.3084	3.5629	0.2609	-0.2	-1.962	8
-0.7	10.05	0.8808957338	3.3118	3.5625	0.2565	-0.2	-1.964	8
-0.7	10.05	0.8808959126	3.3151	3.5621	0.2522	-0.2	-1.966	8
-0.7	10.05	0.8808960319	3.3184	3.5618	0.2478	-0.2	-1.968	8
-0.7	10.05	0.8808962107	3.3218	3.5614	0.2435	-0.2	-1.97	8
-0.7	10.05	0.8808963895	3.3251	3.5611	0.2391	-0.2	-1.972	8
-0.7	10.05	0.8808965087	3.3284	3.5607	0.2347	-0.2	-1.974	8
-0.7	10.05	0.8808966875	3.3318	3.5603	0.2304	-0.2	-1.976	8
-0.7	10.05	0.8808968663	3.3351	3.56	0.226	-0.2	-1.977	8
-0.7	10.05	0.8808969855	3.3385	3.5596	0.2217	-0.199	-1.978	8
-0.7	10.05	0.8808971643	3.3418	3.5592	0.2173	-0.198	-1.978	8
-0.7	10.05	0.8808972836	3.3451	3.5589	0.2129	-0.197	-1.978	8
-0.7	10.05	0.8808974624	3.3485	3.5585	0.2086	-0.197	-1.978	8
-0.7	10.05	0.8808976412	3.3518	3.5582	0.2042	-0.196	-1.979	8
-0.7	10.05	0.8808977604	3.3551	3.5578	0.1998	-0.195	-1.979	8
-0.7	10.05	0.8808979392	3.3585	3.5574	0.1955	-0.194	-1.979	8
-0.7	10.05	0.8808980584	3.3618	3.5571	0.1911	-0.193	-1.979	8
-0.7	10.05	0.8808982372	3.3651	3.5567	0.1867	-0.193	-1.979	8
-0.7	10.05	0.880898416	3.3685	3.5564	0.1824	-0.192	-1.98	8
-0.7	10.05	0.8808985353	3.3718	3.556	0.178	-0.191	-1.98	8
-0.7	10.05	0.8808987141	3.3751	3.5556	0.1737	-0.19	-1.98	8
-0.7	10.05	0.8808988929	3.3785	3.5553	0.1693	-0.189	-1.98	8
-0.7	10.05	0.8808990121	3.3818	3.5549	0.1649	-0.188	-1.98	8
-0.7	10.05	0.8808991909	3.3851	3.5545	0.1605	-0.188	-1.981	8
-0.7	10.05	0.8808993101	3.3885	3.5542	0.1562	-0.187	-1.981	8
-0.7	10.05	0.8808994889	3.3918	3.5538	0.1518	-0.186	-1.981	8
-0.7	10.05	0.8808996677	3.3942	3.5534	0.1464	-0.182	-1.978	8
-0.7	10.05	0.8808999062	3.3966	3.553	0.1411	-0.177	-1.975	8
-0.7	10.05	0.880900085	3.399	3.5526	0.1357	-0.173	-1.972	8
-0.7	10.05	0.8809002638	3.4015	3.5522	0.1303	-0.169	-1.969	8
-0.7	10.05	0.8809005022	3.4039	3.5518	0.1249	-0.165	-1.966	8
-0.7	10.05	0.880900681	3.4063	3.5514	0.1195	-0.16	-1.963	8
-0.7	10.05	0.8809008598	3.4087	3.551	0.1141	-0.156	-1.961	8
-0.7	10.05	0.8809010983	3.4111	3.5506	0.1087	-0.152	-1.958	8
-0.7	10.05	0.8809012771	3.4135	3.5503	0.1033	-0.148	-1.955	8
-0.7	10.05	0.8809014559	3.4159	3.5499	0.0979	-0.143	-1.951	8
-0.7	10.05	0.8809016943	3.4184	3.5495	0.0925	-0.137	-1.945	8
-0.7	10.05	0.8809018731	3.4208	3.5491	0.0871	-0.131	-1.94	8
-0.7	10.05	0.8809020519	3.4232	3.5487	0.0817	-0.126	-1.934	8
-0.7	10.05	0.8809022903	3.4256	3.5483	0.0762	-0.12	-1.929	8
-0.7	10.05	0.8809024692	3.428	3.5479	0.0708	-0.114	-1.924	8
-0.7	10.05	0.8809027076	3.4304	3.5475	0.0654	-0.109	-1.918	8
-0.7	10.05	0.8809028864	3.4328	3.5471	0.0599	-0.103	-1.913	8
-0.7	10.05	0.8809030652	3.4353	3.5467	0.0545	-0.097	-1.907	8
-0.7	10.05	0.8809033036	3.4377	3.5463	0.049	-0.091	-1.901	8
-0.7	10.05	0.8809034824	3.4401	3.5459	0.0436	-0.086	-1.896	8
-0.7	10.05	0.8809036613	3.4425	3.5455	0.0381	-0.08	-1.89	8
-0.7	10.05	0.8809038997	3.4449	3.5451	0.0326	-0.074	-1.885	8
-0.7	10.05	0.8809040785	3.4473	3.5447	0.0272	-0.068	-1.879	8
-0.7	10.05	0.8809042573	3.4497	3.5443	0.0217	-0.063	-1.874	8
-0.7	10.05	0.8809044957	3.4522	3.5439	0.0162	-0.057	-1.868	8
-0.7	10.05	0.8809046745	3.4546	3.5435	0.0107	-0.051	-1.862	8
-0.7	10.05	0.8809049129	3.4574	3.5436	0.0055	-0.06	-1.873	8
-0.7	10.05	0.8809051514	3.4602	3.5438	0.0002	-0.069	-1.884	8
-0.7	10.05	0.8809053898	3.463	3.5439	-0.0052	-0.082	-1.895	8
-0.7	10.05	0.8809056282	3.4659	3.5441	-0.0105	-0.096	-1.906	8
-0.7	10.05	0.880905807	3.4687	3.5442	-0.0159	-0.11	-1.917	8
-0.7	10.05	0.8809060454	3.4715	3.5443	-0.0212	-0.123	-1.928	8
-0.7	10.05	0.8809062839	3.4743	3.5445	-0.0266	-0.137	-1.94	8
-0.7	10.05	0.8809065223	3.4772	3.5446	-0.0321	-0.151	-1.951	8
-0.7	10.05	0.8809067607	3.48	3.5448	-0.0375	-0.164	-1.962	8
-0.7	10.05	0.8809069991	3.4828	3.5449	-0.043	-0.178	-1.973	8
-0.7	10.05	0.8809072375	3.4856	3.545	-0.0485	-0.192	-1.984	8
-0.7	10.05	0.8809074759	3.4885	3.5452	-0.054	-0.205	-1.995	8
-0.7	10.05	0.8809076548	3.4913	3.5453	-0.0596	-0.219	-2.006	8
-0.7	10.05	0.8809078932	3.4941	3.5454	-0.0651	-0.233	-2.017	8
-0.7	10.05	0.8809081316	3.4969	3.5456	-0.0707	-0.246	-2.028	8
-0.7	10.05	0.88090837	3.4998	3.5457	-0.0764	-0.26	-2.039	8
-0.7	10.05	0.8809086084	3.5026	3.5459	-0.082	-0.274	-2.051	8
-0.7	10.05	0.8809088469	3.5054	3.546	-0.0877	-0.288	-2.062	8
-0.7	10.05	0.8809090853	3.5082	3.5461	-0.0934	-0.301	-2.073	8
-0.7	10.05	0.8809093237	3.5111	3.5463	-0.0991	-0.315	-2.084	8
-0.7	10.05	0.8809095621	3.5139	3.5464	-0.1049	-0.329	-2.095	8
-0.7	10.05	0.8809097409	3.5167	3.5466	-0.1106	-0.343	-2.106	8
-0.7	10.05	0.8809099793	3.5195	3.5467	-0.1165	-0.356	-2.117	8
-0.7	10.05	0.8809102178	3.5224	3.5468	-0.1223	-0.37	-2.128	8
-0.7	10.05	0.8809104562	3.5252	3.547	-0.1282	-0.384	-2.139	8
-0.7	10.05	0.8809106946	3.528	3.5471	-0.1341	-0.398	-2.15	8
-0.7	10.05	0.8809108138	3.5284	3.5493	-0.1283	-0.452	-2.214	8
-0.7	10.05	0.880910933	3.5288	3.5515	-0.1225	-0.501	-2.268	8
-0.7	10.05	0.8809110522	3.5292	3.5537	-0.1167	-0.548	-2.319	8
-0.7	10.05	0.8809111714	3.5296	3.5559	-0.1109	-0.595	-2.369	8
-0.7	10.05	0.8809112906	3.53	3.5581	-0.1052	-0.642	-2.419	8
-0.7	10.05	0.8809114099	3.5304	3.5603	-0.0994	-0.689	-2.468	8
-0.7	10.05	0.8809115291	3.5307	3.5625	-0.0937	-0.73	-2.507	8
-0.7	10.05	0.8809116483	3.5311	3.5647	-0.088	-0.772	-2.546	8
-0.7	10.05	0.8809117675	3.5315	3.5669	-0.0823	-0.814	-2.584	8
-0.7	10.05	0.8809118867	3.5319	3.5691	-0.0767	-0.856	-2.623	8
-0.7	10.05	0.8809120059	3.5323	3.5713	-0.071	-0.897	-2.658	8
-0.7	10.05	0.8809121251	3.5327	3.5735	-0.0654	-0.936	-2.69	8
-0.7	10.05	0.8809122443	3.5331	3.5757	-0.0598	-0.976	-2.722	8
-0.7	10.05	0.8809123635	3.5335	3.5779	-0.0542	-1.015	-2.754	8
-0.7	10.05	0.8809124827	3.5339	3.5801	-0.0486	-1.055	-2.786	8
-0.7	10.05	0.8809126019	3.5343	3.5823	-0.043	-1.092	-2.814	8
-0.7	10.05	0.8809127212	3.5347	3.5845	-0.0375	-1.13	-2.843	8
-0.7	10.05	0.8809128404	3.5351	3.5867	-0.032	-1.167	-2.871	8
-0.7	10.05	0.8809129596	3.5355	3.589	-0.0265	-1.205	-2.899	8
-0.7	10.05	0.8809130788	3.5359	3.5912	-0.021	-1.243	-2.928	8
-0.7	10.05	0.880913198	3.5362	3.5934	-0.0156	-1.283	-2.956	8
-0.7	10.05	0.8809133172	3.5366	3.5956	-0.0101	-1.322	-2.985	8
-0.7	10.05	0.8809134364	3.537	3.5978	-0.0047	-1.362	-3.014	8
-0.7	10.05	0.8809135556	3.5374	3.6	0.0007	-1.402	-3.043	8
-0.7	10.05	0.8809136748	3.5378	3.6022	0.0061	-1.44	-3.068	8
-0.7	10.05	0.880913794	3.5382	3.6044	0.0114	-1.478	-3.093	8
