# File generated by 'createIsoFiles.py' on Fri Nov 24 15:30:47 2017.
# Content of file: isochrone table with t = 1.5Gyr, [Fe/H] = -0.25.
# Isochrone tables in this file have been created by
# on the basis of PARSEC isochrones.
# NOTE: templates with M < 0.1 Msun have been.
# removed (considered below LMCO).
# -----------------------------------------------------------------
# FeH	log(age/yr)	M_ini	logL/Lo	logTeff	logg	 B	 V	 stage
-0.25	9.175	0.1000000015	-3.1768	3.413	5.2189	19.511	17.586	0
-0.25	9.175	0.1026049778	-3.1397	3.4176	5.2114	19.233	17.327	1
-0.25	9.175	0.1199999973	-2.9128	3.4459	5.1656	17.616	15.832	1
-0.25	9.175	0.1254644096	-2.86	3.4515	5.1544	17.292	15.532	1
-0.25	9.175	0.1400000006	-2.7299	3.4652	5.1269	16.516	14.802	1
-0.25	9.175	0.1599999964	-2.5878	3.4787	5.0969	15.75	14.08	1
-0.25	9.175	0.200000003	-2.3724	3.497	5.0514	14.715	13.095	1
-0.25	9.175	0.25	-2.1737	3.5119	5.0092	13.877	12.303	1
-0.25	9.175	0.3114156127	-1.9792	3.5247	4.9612	13.139	11.603	1
-0.25	9.175	0.3319730163	-1.9105	3.5282	4.9343	12.902	11.379	1
-0.25	9.175	0.349999994	-1.8587	3.5315	4.9188	12.715	11.202	0
-0.25	9.175	0.400000006	-1.71	3.5425	4.872	12.167	10.687	0
-0.25	9.175	0.4191078544	-1.6473	3.5477	4.8505	11.932	10.466	1
-0.25	9.175	0.4499999881	-1.5523	3.5558	4.8189	11.58	10.133	1
-0.25	9.175	0.5	-1.3866	3.5728	4.7668	10.941	9.529	1
-0.25	9.175	0.5500000119	-1.2148	3.5939	4.7207	10.261	8.901	1
-0.25	9.175	0.6000000238	-1.0453	3.6194	4.6912	9.546	8.276	1
-0.25	9.175	0.6228685379	-0.9678	3.6329	4.6837	9.186	7.977	1
-0.25	9.175	0.6499999762	-0.8792	3.6483	4.6752	8.756	7.628	1
-0.25	9.175	0.6999999881	-0.7226	3.6764	4.6635	8.002	7.017	1
-0.25	9.175	0.7077527046	-0.6995	3.6805	4.6612	7.898	6.932	1
-0.25	9.175	0.75	-0.5775	3.7017	4.6492	7.382	6.505	1
-0.25	9.175	0.8000000119	-0.4422	3.7228	4.6264	6.867	6.073	1
-0.25	9.175	0.8421435356	-0.3334	3.7388	4.604	6.481	5.747	1
-0.25	9.175	0.8500000238	-0.3136	3.7417	4.5999	6.412	5.69	1
-0.25	9.175	0.8999999762	-0.1911	3.7584	4.569	6.004	5.345	1
-0.25	9.175	0.9212898016	-0.1405	3.7647	4.5538	5.842	5.206	1
-0.25	9.175	0.9499999881	-0.0736	3.773	4.5332	5.628	5.025	1
-0.25	9.175	0.955219686	-0.0615	3.7743	4.529	5.59	4.993	1
-0.25	9.175	1.0	0.0403	3.7857	4.4925	5.272	4.724	1
-0.25	9.175	1.0323662758	0.1124	3.7931	4.4638	5.053	4.538	1
-0.25	9.175	1.0499999523	0.151	3.797	4.4481	4.936	4.438	1
-0.25	9.175	1.0538208485	0.1594	3.7978	4.4447	4.911	4.416	1
-0.25	9.175	1.0818676949	0.2197	3.8038	4.4196	4.731	4.26	1
-0.25	9.175	1.1000000238	0.2579	3.8075	4.4035	4.619	4.162	1
-0.25	9.175	1.1265001297	0.3129	3.8129	4.3802	4.458	4.02	1
-0.25	9.175	1.1499999762	0.361	3.8174	4.3594	4.319	3.896	1
-0.25	9.175	1.1685676575	0.3982	3.8211	4.3437	4.21	3.8	1
-0.25	9.175	1.2000000477	0.4605	3.8271	4.3168	4.03	3.64	1
-0.25	9.175	1.25	0.5543	3.8365	4.2786	3.759	3.399	1
-0.25	9.175	1.3102749586	0.6611	3.8479	4.2379	3.451	3.123	1
-0.25	9.175	1.3148460388	0.669	3.8487	4.2347	3.428	3.103	1
-0.25	9.175	1.3181240559	0.6746	3.8494	4.233	3.411	3.088	1
-0.25	9.175	1.3648459911	0.7533	3.8585	4.2059	3.183	2.885	1
-0.25	9.175	1.3780601025	0.7751	3.8612	4.1988	3.12	2.829	1
-0.25	9.175	1.4148460627	0.835	3.8676	4.1762	2.949	2.675	1
-0.25	9.175	1.4202318192	0.8437	3.8685	4.1727	2.924	2.653	1
-0.25	9.175	1.4554929733	0.9003	3.8737	4.1473	2.765	2.508	1
-0.25	9.175	1.464846015	0.9153	3.8749	4.1399	2.723	2.47	1
-0.25	9.175	1.4806569815	0.9404	3.8764	4.1254	2.655	2.406	1
-0.25	9.175	1.5063067675	0.9813	3.8779	4.0982	2.546	2.302	1
-0.25	9.175	1.5148459673	0.9949	3.8782	4.0882	2.51	2.267	1
-0.25	9.175	1.5148617029	0.9949	3.8782	4.0882	2.51	2.267	1
-0.25	9.175	1.5348106623	1.0265	3.8783	4.0628	2.428	2.187	1
-0.25	9.175	1.5591169596	1.0647	3.8777	4.0288	2.331	2.089	1
-0.25	9.175	1.5648459196	1.0737	3.8774	4.0204	2.308	2.067	1
-0.25	9.175	1.5661484003	1.0758	3.8774	4.0185	2.303	2.061	1
-0.25	9.175	1.5873507261	1.1088	3.8755	3.9841	2.223	1.978	1
-0.25	9.175	1.6080970764	1.141	3.8722	3.9438	2.148	1.896	1
-0.25	9.175	1.6148459911	1.1515	3.8708	3.9299	2.125	1.87	1
-0.25	9.175	1.6352205276	1.1824	3.8665	3.887	2.057	1.793	1
-0.25	9.175	1.6538963318	1.2103	3.8611	3.8424	2.0	1.724	1
-0.25	9.175	1.6648460627	1.2265	3.857	3.8129	1.971	1.684	1
-0.25	9.175	1.6794214249	1.2476	3.8502	3.7684	1.938	1.634	1
-0.25	9.175	1.6942715645	1.2687	3.8426	3.7208	1.91	1.585	1
-0.25	9.175	1.7088750601	1.2894	3.8341	3.6698	1.887	1.538	1
-0.25	9.175	1.714846015	1.2986	3.8307	3.6485	1.876	1.517	1
-0.25	9.175	1.7278726101	1.3206	3.8242	3.6037	1.845	1.467	1
-0.25	9.175	1.7313015461	1.3284	3.8236	3.5945	1.828	1.448	1
-0.25	9.175	1.7378820181	1.3605	3.8326	3.5997	1.71	1.359	1
-0.25	9.175	1.7395083904	1.3811	3.8427	3.6201	1.621	1.3	1
-0.25	9.175	1.740214467	1.4005	3.853	3.6422	1.535	1.244	1
-0.25	9.175	1.7405905724	1.4208	3.8632	3.6626	1.45	1.187	1
-0.25	9.175	1.7408040762	1.4421	3.8726	3.679	1.368	1.131	1
-0.25	9.175	1.740942359	1.4638	3.8811	3.6915	1.288	1.074	1
-0.25	9.175	1.7410283089	1.4762	3.8861	3.6991	1.243	1.043	2
-0.25	9.175	1.7410875559	1.4554	3.8818	3.7026	1.308	1.096	2
-0.25	9.175	1.7411375046	1.4306	3.8743	3.6974	1.393	1.16	2
-0.25	9.175	1.7412004471	1.4145	3.863	3.6685	1.467	1.203	2
-0.25	9.175	1.7412734032	1.4172	3.8518	3.6207	1.496	1.202	2
-0.25	9.175	1.7413654327	1.4279	3.8403	3.5644	1.508	1.182	2
-0.25	9.175	1.7414819002	1.4361	3.8289	3.5105	1.53	1.17	2
-0.25	9.175	1.7416372299	1.4401	3.8174	3.4604	1.568	1.17	2
-0.25	9.175	1.7418642044	1.4396	3.8057	3.4142	1.621	1.183	2
-0.25	9.175	1.7422120571	1.4329	3.7938	3.3734	1.699	1.214	2
-0.25	9.175	1.7426942587	1.4163	3.7818	3.3423	1.812	1.275	2
-0.25	9.175	1.7431163788	1.395	3.7727	3.3273	1.921	1.345	2
-0.25	9.175	1.7435485125	1.3653	3.7637	3.3207	2.049	1.437	2
-0.25	9.175	1.743909955	1.3338	3.756	3.3217	2.173	1.532	2
-0.25	9.175	1.74421978	1.3037	3.7493	3.3249	2.289	1.622	2
-0.25	9.175	1.7446219921	1.268	3.7404	3.3255	2.434	1.734	2
-0.25	9.175	1.7451238632	1.2476	3.7303	3.3053	2.555	1.814	3
-0.25	9.175	1.7457338572	1.2761	3.7208	3.2391	2.551	1.773	3
-0.25	9.175	1.7461397648	1.3129	3.7161	3.1837	2.495	1.698	3
-0.25	9.175	1.7465299368	1.3539	3.7123	3.1275	2.422	1.609	3
-0.25	9.175	1.7468929291	1.3948	3.7093	3.0746	2.344	1.518	3
-0.25	9.175	1.7472440004	1.4357	3.7066	3.0229	2.263	1.426	3
-0.25	9.175	1.7475870848	1.4765	3.704	2.9718	2.181	1.334	3
-0.25	9.175	1.747926116	1.5175	3.7015	2.9209	2.099	1.241	3
-0.25	9.175	1.7482616901	1.5582	3.699	2.8703	2.019	1.15	3
-0.25	9.175	1.7485957146	1.5986	3.6965	2.8203	1.94	1.06	3
-0.25	9.175	1.7490119934	1.6478	3.6936	2.7594	1.844	0.95	3
-0.25	9.175	1.7494276762	1.6967	3.6907	2.699	1.748	0.841	3
-0.25	9.175	1.7498419285	1.7457	3.6877	2.638	1.654	0.733	3
-0.25	9.175	1.7502254248	1.7915	3.6849	2.5811	1.566	0.633	3
-0.25	9.175	1.7506790161	1.8463	3.6814	2.5124	1.462	0.513	3
-0.25	9.175	1.7510607243	1.8933	3.6783	2.4532	1.378	0.412	3
-0.25	9.175	1.751434803	1.9406	3.6751	2.3933	1.296	0.311	3
-0.25	9.175	1.7517518997	1.9816	3.6724	2.3414	1.226	0.224	3
-0.25	9.175	1.7521015406	2.0277	3.6692	2.2828	1.148	0.127	3
-0.25	9.175	1.7524670362	2.0763	3.6659	2.2208	1.068	0.026	3
-0.25	9.175	1.7528278828	2.1243	3.6625	2.1594	0.99	-0.073	3
-0.25	9.175	1.7531981468	2.1728	3.6591	2.0974	0.912	-0.172	3
-0.25	9.175	1.7536518574	2.2215	3.6555	2.0345	0.837	-0.269	3
-0.25	9.175	1.7540085316	2.2457	3.6538	2.0035	0.799	-0.318	3
-0.25	9.175	1.7543532848	2.2129	3.6563	2.0466	0.848	-0.253	3
-0.25	9.175	1.7545297146	2.1699	3.6595	2.1024	0.913	-0.169	3
-0.25	9.175	1.7546386719	2.1301	3.6624	2.1538	0.976	-0.087	3
-0.25	9.175	1.7547385693	2.0884	3.6655	2.2079	1.043	-0.002	3
-0.25	9.175	1.7548646927	2.0336	3.6694	2.2783	1.132	0.111	3
-0.25	9.175	1.7549644709	1.9923	3.6724	2.3314	1.2	0.197	3
-0.25	9.175	1.7550721169	1.9524	3.6752	2.3826	1.267	0.281	3
-0.25	9.175	1.7552119493	1.9098	3.6782	2.4371	1.339	0.371	3
-0.25	9.175	1.7553025484	1.893	3.6794	2.459	1.367	0.406	3
-0.25	9.175	1.7555088997	1.9185	3.6776	2.4264	1.324	0.352	3
-0.25	9.175	1.755856514	1.9615	3.6747	2.3718	1.25	0.261	3
-0.25	9.175	1.7563205957	2.0081	3.6715	2.3126	1.17	0.162	3
-0.25	9.175	1.756734252	2.0477	3.6688	2.2623	1.104	0.079	3
-0.25	9.175	1.7572203875	2.0933	3.6656	2.2041	1.03	-0.015	3
-0.25	9.175	1.7577089071	2.1387	3.6625	2.1461	0.955	-0.109	3
-0.25	9.175	1.7582018375	2.1849	3.6591	2.0868	0.882	-0.203	3
-0.25	9.175	1.7586723566	2.2297	3.6559	2.0292	0.812	-0.293	3
-0.25	9.175	1.7591184378	2.2732	3.6527	1.973	0.747	-0.379	3
-0.25	9.175	1.7595524788	2.3169	3.6495	1.9167	0.685	-0.465	3
-0.25	9.175	1.7599611282	2.3597	3.6464	1.8614	0.626	-0.546	3
-0.25	9.175	1.7603518963	2.4023	3.6432	1.806	0.568	-0.627	3
-0.25	9.175	1.7607215643	2.4445	3.64	1.7513	0.511	-0.707	3
-0.25	9.175	1.7610656023	2.4856	3.6369	1.6979	0.458	-0.783	3
-0.25	9.175	1.7613873482	2.526	3.6338	1.6451	0.407	-0.856	3
-0.25	9.175	1.761690259	2.5659	3.6307	1.5929	0.357	-0.929	3
-0.25	9.175	1.7619782686	2.6058	3.6277	1.5408	0.308	-1.0	3
-0.25	9.175	1.7622406483	2.6442	3.6247	1.4906	0.262	-1.068	3
-0.25	9.175	1.7624868155	2.6821	3.6217	1.4407	0.217	-1.133	3
-0.25	9.175	1.7627189159	2.7197	3.6187	1.3915	0.172	-1.198	3
-0.25	9.175	1.7629355192	2.7566	3.6158	1.3429	0.129	-1.26	3
-0.25	9.175	1.7631344795	2.7924	3.613	1.2958	0.088	-1.319	3
-0.25	9.175	1.763323307	2.828	3.61	1.2485	0.049	-1.378	3
-0.25	9.175	1.7634997368	2.8629	3.6072	1.2023	0.013	-1.432	3
-0.25	9.175	1.7636611462	2.8964	3.6046	1.1583	-0.022	-1.484	3
-0.25	9.175	1.7638144493	2.9295	3.6019	1.1145	-0.057	-1.535	3
-0.25	9.175	1.7639577389	2.9621	3.5991	1.0707	-0.087	-1.583	3
-0.25	9.175	1.7640942335	2.9942	3.5964	1.0278	-0.115	-1.627	3
-0.25	9.175	1.7642022371	3.0195	3.5942	0.9938	-0.136	-1.661	4
-0.25	9.175	1.7648459673	1.6956	3.7019	2.7486	1.651	0.793	4
-0.25	9.175	1.7657680511	1.7214	3.6996	2.7138	1.606	0.738	4
-0.25	9.175	1.7670588493	1.7409	3.6982	2.689	1.57	0.695	4
-0.25	9.175	1.7683534622	1.7553	3.6973	2.6714	1.542	0.663	4
-0.25	9.175	1.7695636749	1.7657	3.6967	2.6589	1.522	0.64	4
-0.25	9.175	1.7707314491	1.7717	3.6964	2.6521	1.509	0.626	4
-0.25	9.175	1.771822691	1.7736	3.6964	2.6504	1.505	0.621	4
-0.25	9.175	1.7728167772	1.7734	3.6965	2.6513	1.504	0.621	4
-0.25	9.175	1.7738004923	1.7749	3.6965	2.6501	1.5	0.617	4
-0.25	9.175	1.7748024464	1.7794	3.6963	2.6451	1.49	0.607	4
-0.25	9.175	1.7757595778	1.7833	3.6962	2.6408	1.482	0.598	4
-0.25	9.175	1.7767056227	1.7867	3.696	2.6371	1.475	0.59	4
-0.25	9.175	1.7775598764	1.7866	3.6961	2.6378	1.474	0.59	4
-0.25	9.175	1.7784121037	1.7112	3.7014	2.7345	1.616	0.756	4
-0.25	9.175	1.7791837454	1.687	3.7031	2.7657	1.663	0.81	4
-0.25	9.175	1.7798894644	1.6779	3.7038	2.7777	1.68	0.83	4
-0.25	9.175	1.780361414	1.6731	3.7042	2.7841	1.689	0.84	4
-0.25	9.175	1.7815822363	1.6844	3.7033	2.7694	1.668	0.815	4
-0.25	9.175	1.786653161	1.6638	3.7046	2.7965	1.709	0.862	4
-0.25	9.175	1.7942711115	1.6449	3.7057	2.8219	1.747	0.905	4
-0.25	9.175	1.8070715666	1.6161	3.7076	2.8611	1.804	0.97	4
-0.25	9.175	1.8148460388	1.6005	3.7086	2.8826	1.835	1.005	5
-0.25	9.175	1.8277078867	1.628	3.7088	2.8593	1.764	0.935	5
-0.25	9.175	1.8519183397	1.6869	3.7083	2.8038	1.621	0.789	5
-0.25	9.175	1.8648459911	1.7212	3.7073	2.7686	1.544	0.707	5
-0.25	9.175	1.8650506735	1.7217	3.7073	2.768	1.542	0.706	5
-0.25	9.175	1.8751918077	1.7538	3.7056	2.7317	1.476	0.632	5
-0.25	9.175	1.8753597736	1.7545	3.7055	2.7306	1.475	0.631	6
-0.25	9.175	1.8836973906	1.8009	3.7015	2.6701	1.391	0.53	6
-0.25	9.175	1.88742733	1.8311	3.6987	2.6295	1.34	0.467	6
-0.25	9.175	1.8891659975	1.8709	3.6948	2.5746	1.275	0.385	6
-0.25	9.175	1.8900334835	1.9155	3.6908	2.514	1.2	0.291	6
-0.25	9.175	1.8904321194	1.9641	3.6866	2.449	1.121	0.19	6
-0.25	9.175	1.8906308413	2.0208	3.6819	2.3734	1.029	0.072	6
-0.25	9.175	1.8907078505	2.0665	3.6782	2.313	0.956	-0.023	7
-0.25	9.175	1.8907263279	2.0779	3.6773	2.2979	0.938	-0.046	7
-0.25	9.175	1.8907660246	2.1041	3.6753	2.2638	0.895	-0.101	7
-0.25	9.175	1.8908046484	2.1215	3.674	2.241	0.868	-0.137	7
-0.25	9.175	1.8908755779	2.1306	3.6733	2.2293	0.852	-0.156	7
-0.25	9.175	1.890946269	2.1091	3.675	2.2576	0.886	-0.112	7
-0.25	9.175	1.8910769224	2.0849	3.677	2.2896	0.925	-0.062	7
-0.25	9.175	1.8920041323	2.0575	3.6792	2.326	0.968	-0.006	7
-0.25	9.175	1.8935208321	2.0908	3.6766	2.283	0.913	-0.075	7
-0.25	9.175	1.8958286047	2.1552	3.6717	2.1994	0.81	-0.209	7
-0.25	9.175	1.8969935179	2.2062	3.6677	2.1326	0.73	-0.313	7
-0.25	9.175	1.8978190422	2.2581	3.6636	2.0648	0.65	-0.417	7
-0.25	9.175	1.8984713554	2.313	3.6593	1.9926	0.567	-0.527	7
-0.25	9.175	1.899004817	2.3713	3.6547	1.9158	0.487	-0.639	7
-0.25	9.175	1.8994500637	2.4251	3.6503	1.8449	0.415	-0.742	7
-0.25	9.175	1.8998268843	2.4734	3.6464	1.781	0.353	-0.831	7
-0.25	9.175	1.9001431465	2.5167	3.6429	1.7238	0.297	-0.912	7
-0.25	9.175	1.9004026651	2.5579	3.6395	1.6691	0.246	-0.987	7
-0.25	9.175	1.9006125927	2.5986	3.6362	1.6151	0.197	-1.06	7
-0.25	9.175	1.9007697105	2.6365	3.6331	1.5648	0.152	-1.127	7
-0.25	9.175	1.9009046555	2.6764	3.6298	1.5118	0.105	-1.198	7
-0.25	9.175	1.9010225534	2.7185	3.6263	1.4558	0.057	-1.269	7
-0.25	9.175	1.9011404514	2.7665	3.6223	1.3917	0.002	-1.351	7
-0.25	9.175	1.9012514353	2.815	3.6183	1.3273	-0.053	-1.433	7
-0.25	9.175	1.9013704062	2.8676	3.6138	1.2565	-0.107	-1.516	7
-0.25	9.175	1.9014821053	2.9156	3.6097	1.1923	-0.157	-1.593	7
-0.25	9.175	1.9015974998	2.9643	3.6055	1.1269	-0.203	-1.665	7
-0.25	9.175	1.9017184973	3.0205	3.6006	1.0508	-0.254	-1.748	7
-0.25	9.175	1.9017231464	3.0227	3.6004	1.0478	-0.256	-1.751	7
-0.25	9.175	1.9017279148	3.0249	3.6002	1.0448	-0.258	-1.754	7
-0.25	9.175	1.901732564	3.0272	3.6	1.0418	-0.26	-1.757	7
-0.25	9.175	1.9017372131	3.0294	3.5998	1.0388	-0.262	-1.76	7
-0.25	9.175	1.9017418623	3.0316	3.5996	1.0358	-0.264	-1.763	7
-0.25	9.175	1.9017466307	3.0338	3.5994	1.0328	-0.266	-1.766	7
-0.25	9.175	1.9017512798	3.036	3.5992	1.0299	-0.268	-1.769	7
-0.25	9.175	1.901755929	3.0382	3.599	1.0269	-0.269	-1.772	7
-0.25	9.175	1.9017605782	3.0404	3.5988	1.0239	-0.271	-1.775	7
-0.25	9.175	1.9017653465	3.0427	3.5986	1.0209	-0.273	-1.778	7
-0.25	9.175	1.9017699957	3.0449	3.5984	1.0179	-0.275	-1.781	7
-0.25	9.175	1.9017746449	3.0471	3.5982	1.0149	-0.277	-1.784	7
-0.25	9.175	1.9017794132	3.0493	3.598	1.0119	-0.278	-1.787	7
-0.25	9.175	1.9017840624	3.0515	3.5978	1.0089	-0.28	-1.789	7
-0.25	9.175	1.9017887115	3.0537	3.5976	1.0059	-0.282	-1.792	7
-0.25	9.175	1.9017933607	3.0559	3.5974	1.0029	-0.284	-1.795	7
-0.25	9.175	1.9017981291	3.0581	3.5972	0.9999	-0.286	-1.798	7
-0.25	9.175	1.9018027782	3.0604	3.597	0.9969	-0.287	-1.801	7
-0.25	9.175	1.9018074274	3.0626	3.5968	0.9939	-0.288	-1.804	7
-0.25	9.175	1.9018120766	3.0648	3.5966	0.9909	-0.29	-1.807	7
-0.25	9.175	1.9018168449	3.067	3.5964	0.9879	-0.291	-1.81	7
-0.25	9.175	1.9018214941	3.0692	3.5962	0.9849	-0.292	-1.813	7
-0.25	9.175	1.9018261433	3.0714	3.596	0.9819	-0.294	-1.816	7
-0.25	9.175	1.9018307924	3.0736	3.5958	0.9789	-0.295	-1.819	7
-0.25	9.175	1.9018355608	3.0759	3.5956	0.9759	-0.296	-1.822	7
-0.25	9.175	1.90184021	3.0781	3.5954	0.9729	-0.298	-1.825	7
-0.25	9.175	1.9018431902	3.0795	3.5953	0.9709	-0.299	-1.826	7
-0.25	9.175	1.9018462896	3.0809	3.5952	0.969	-0.299	-1.828	7
-0.25	9.175	1.9018492699	3.0824	3.5951	0.9671	-0.3	-1.83	7
-0.25	9.175	1.9018522501	3.0838	3.5949	0.9651	-0.301	-1.832	7
-0.25	9.175	1.9018553495	3.0852	3.5948	0.9632	-0.302	-1.834	7
-0.25	9.175	1.9018583298	3.0866	3.5947	0.9613	-0.303	-1.836	7
-0.25	9.175	1.90186131	3.0881	3.5946	0.9593	-0.304	-1.838	7
-0.25	9.175	1.9018642902	3.0895	3.5944	0.9574	-0.305	-1.84	7
-0.25	9.175	1.9018673897	3.0909	3.5943	0.9555	-0.306	-1.842	7
-0.25	9.175	1.9018703699	3.0924	3.5942	0.9535	-0.306	-1.844	7
-0.25	9.175	1.9018733501	3.0938	3.5941	0.9516	-0.307	-1.846	7
-0.25	9.175	1.9018764496	3.0952	3.5939	0.9497	-0.308	-1.848	7
-0.25	9.175	1.9018794298	3.0967	3.5938	0.9477	-0.309	-1.849	7
-0.25	9.175	1.90188241	3.0981	3.5937	0.9458	-0.31	-1.851	7
-0.25	9.175	1.9018855095	3.0995	3.5935	0.9439	-0.311	-1.853	7
-0.25	9.175	1.9018884897	3.1009	3.5934	0.9419	-0.312	-1.855	7
-0.25	9.175	1.90189147	3.1024	3.5933	0.94	-0.313	-1.857	7
-0.25	9.175	1.9018945694	3.1038	3.5932	0.9381	-0.313	-1.859	7
-0.25	9.175	1.9018975496	3.1052	3.593	0.9361	-0.314	-1.861	7
-0.25	9.175	1.9019005299	3.1067	3.5929	0.9342	-0.315	-1.863	7
-0.25	9.175	1.9019035101	3.1081	3.5928	0.9322	-0.316	-1.865	7
-0.25	9.175	1.9019066095	3.1095	3.5927	0.9303	-0.317	-1.867	7
-0.25	9.175	1.9019095898	3.1109	3.5925	0.9284	-0.318	-1.869	7
-0.25	9.175	1.90191257	3.1124	3.5924	0.9264	-0.319	-1.871	7
-0.25	9.175	1.9019156694	3.1138	3.5923	0.9245	-0.32	-1.873	7
-0.25	9.175	1.9019186497	3.1152	3.5922	0.9226	-0.32	-1.875	7
-0.25	9.175	1.901922226	3.1171	3.592	0.9201	-0.322	-1.877	7
-0.25	9.175	1.9019258022	3.1189	3.5918	0.9177	-0.323	-1.88	7
-0.25	9.175	1.9019293785	3.1207	3.5917	0.9152	-0.324	-1.882	7
-0.25	9.175	1.9019329548	3.1225	3.5915	0.9128	-0.325	-1.885	7
-0.25	9.175	1.9019365311	3.1243	3.5914	0.9103	-0.326	-1.887	7
-0.25	9.175	1.9019401073	3.1261	3.5912	0.9079	-0.327	-1.89	7
-0.25	9.175	1.9019436836	3.128	3.591	0.9054	-0.328	-1.892	7
-0.25	9.175	1.9019472599	3.1298	3.5909	0.9029	-0.33	-1.895	7
-0.25	9.175	1.9019508362	3.1316	3.5907	0.9005	-0.331	-1.897	7
-0.25	9.175	1.9019544125	3.1334	3.5906	0.898	-0.332	-1.9	7
-0.25	9.175	1.9019579887	3.1352	3.5904	0.8956	-0.333	-1.902	7
-0.25	9.175	1.901961565	3.137	3.5902	0.8931	-0.334	-1.905	7
-0.25	9.175	1.9019651413	3.1389	3.5901	0.8907	-0.335	-1.907	7
-0.25	9.175	1.9019688368	3.1407	3.5899	0.8882	-0.336	-1.91	7
-0.25	9.175	1.9019724131	3.1425	3.5898	0.8858	-0.337	-1.912	7
-0.25	9.175	1.9019759893	3.1443	3.5896	0.8833	-0.339	-1.914	7
-0.25	9.175	1.9019795656	3.1461	3.5894	0.8809	-0.34	-1.916	7
-0.25	9.175	1.9019831419	3.148	3.5893	0.8784	-0.341	-1.918	7
-0.25	9.175	1.9019867182	3.1498	3.5891	0.876	-0.342	-1.921	7
-0.25	9.175	1.9019902945	3.1516	3.589	0.8735	-0.343	-1.923	7
-0.25	9.175	1.9019938707	3.1534	3.5888	0.8711	-0.344	-1.925	7
-0.25	9.175	1.901997447	3.1552	3.5887	0.8686	-0.345	-1.927	7
-0.25	9.175	1.9020010233	3.157	3.5885	0.8661	-0.346	-1.93	7
-0.25	9.175	1.9020045996	3.1589	3.5883	0.8637	-0.347	-1.932	7
-0.25	9.175	1.9020081758	3.1607	3.5882	0.8612	-0.348	-1.934	7
-0.25	9.175	1.9020117521	3.1625	3.588	0.8588	-0.349	-1.936	8
-0.25	9.175	1.9020118713	3.1625	3.5878	0.8578	-0.345	-1.933	8
-0.25	9.175	1.9020119905	3.1625	3.5874	0.8564	-0.338	-1.927	8
-0.25	9.175	1.9020121098	3.1625	3.587	0.8547	-0.33	-1.921	8
-0.25	9.175	1.902012229	3.1625	3.5866	0.8532	-0.324	-1.916	8
-0.25	9.175	1.9020158052	3.1662	3.5861	0.8473	-0.321	-1.917	8
-0.25	9.175	1.9020193815	3.1698	3.5857	0.842	-0.322	-1.92	8
-0.25	9.175	1.9020229578	3.1735	3.5853	0.8368	-0.323	-1.924	8
-0.25	9.175	1.9020265341	3.1771	3.5849	0.8315	-0.324	-1.928	8
-0.25	9.175	1.9020299911	3.1808	3.5845	0.8263	-0.325	-1.931	8
-0.25	9.175	1.9020335674	3.1845	3.5841	0.821	-0.326	-1.935	8
-0.25	9.175	1.9020371437	3.1881	3.5838	0.8158	-0.327	-1.939	8
-0.25	9.175	1.90204072	3.1918	3.5834	0.8105	-0.328	-1.943	8
-0.25	9.175	1.9020442963	3.1954	3.583	0.8052	-0.329	-1.946	8
-0.25	9.175	1.9020478725	3.1991	3.5826	0.8	-0.33	-1.95	8
-0.25	9.175	1.9020514488	3.2028	3.5822	0.7947	-0.33	-1.954	8
-0.25	9.175	1.9020550251	3.2064	3.5818	0.7895	-0.331	-1.958	8
-0.25	9.175	1.9020586014	3.2101	3.5814	0.7842	-0.332	-1.962	8
-0.25	9.175	1.9020620584	3.2137	3.5811	0.779	-0.333	-1.966	8
-0.25	9.175	1.9020656347	3.2174	3.5807	0.7737	-0.334	-1.969	8
-0.25	9.175	1.902069211	3.2211	3.5803	0.7685	-0.335	-1.973	8
-0.25	9.175	1.9020727873	3.2247	3.5799	0.7632	-0.336	-1.977	8
-0.25	9.175	1.9020763636	3.2284	3.5795	0.758	-0.336	-1.98	8
-0.25	9.175	1.9020799398	3.232	3.5791	0.7527	-0.337	-1.982	8
-0.25	9.175	1.9020835161	3.2357	3.5788	0.7475	-0.337	-1.985	8
-0.25	9.175	1.9020870924	3.2394	3.5784	0.7422	-0.338	-1.988	8
-0.25	9.175	1.9020905495	3.243	3.578	0.737	-0.338	-1.99	8
-0.25	9.175	1.9020941257	3.2467	3.5776	0.7317	-0.339	-1.993	8
-0.25	9.175	1.902097702	3.2503	3.5772	0.7264	-0.34	-1.996	8
-0.25	9.175	1.9021012783	3.254	3.5768	0.7212	-0.34	-1.999	8
-0.25	9.175	1.9021048546	3.2577	3.5764	0.7159	-0.341	-2.001	8
-0.25	9.175	1.9021086693	3.2604	3.5762	0.712	-0.341	-2.004	8
-0.25	9.175	1.902112484	3.2632	3.5759	0.708	-0.341	-2.006	8
-0.25	9.175	1.9021162987	3.2659	3.5756	0.704	-0.342	-2.008	8
-0.25	9.175	1.9021201134	3.2687	3.5753	0.7001	-0.342	-2.01	8
-0.25	9.175	1.9021239281	3.2714	3.575	0.6961	-0.343	-2.012	8
-0.25	9.175	1.9021277428	3.2742	3.5747	0.6921	-0.343	-2.015	8
-0.25	9.175	1.9021314383	3.2769	3.5744	0.6882	-0.344	-2.017	8
-0.25	9.175	1.902135253	3.2797	3.5741	0.6842	-0.344	-2.019	8
-0.25	9.175	1.9021390676	3.2824	3.5738	0.6802	-0.344	-2.021	8
-0.25	9.175	1.9021428823	3.2852	3.5736	0.6762	-0.345	-2.024	8
-0.25	9.175	1.902146697	3.2879	3.5733	0.6723	-0.345	-2.026	8
-0.25	9.175	1.9021505117	3.2907	3.573	0.6683	-0.346	-2.028	8
-0.25	9.175	1.9021543264	3.2934	3.5727	0.6643	-0.346	-2.031	8
-0.25	9.175	1.9021581411	3.2962	3.5724	0.6604	-0.347	-2.033	8
-0.25	9.175	1.9021619558	3.2989	3.5721	0.6564	-0.347	-2.035	8
-0.25	9.175	1.9021657705	3.3017	3.5718	0.6524	-0.348	-2.038	8
-0.25	9.175	1.9021695852	3.3044	3.5715	0.6485	-0.348	-2.04	8
-0.25	9.175	1.9021733999	3.3072	3.5712	0.6445	-0.348	-2.043	8
-0.25	9.175	1.9021772146	3.3099	3.571	0.6405	-0.349	-2.045	8
-0.25	9.175	1.9021809101	3.3127	3.5707	0.6366	-0.349	-2.047	8
-0.25	9.175	1.9021847248	3.3154	3.5704	0.6326	-0.35	-2.05	8
-0.25	9.175	1.9021885395	3.3182	3.5701	0.6286	-0.35	-2.052	8
-0.25	9.175	1.9021923542	3.3209	3.5698	0.6247	-0.351	-2.054	8
-0.25	9.175	1.9021961689	3.3236	3.5695	0.6207	-0.351	-2.055	8
-0.25	9.175	1.9021999836	3.3264	3.5692	0.6167	-0.351	-2.056	8
-0.25	9.175	1.9022037983	3.3291	3.5689	0.6127	-0.351	-2.058	8
-0.25	9.175	1.9022079706	3.3313	3.5687	0.6095	-0.35	-2.058	8
-0.25	9.175	1.9022121429	3.3335	3.5685	0.6063	-0.35	-2.059	8
-0.25	9.175	1.9022163153	3.3357	3.5682	0.6031	-0.35	-2.06	8
-0.25	9.175	1.9022204876	3.3378	3.568	0.5999	-0.35	-2.06	8
-0.25	9.175	1.9022246599	3.34	3.5677	0.5967	-0.349	-2.061	8
-0.25	9.175	1.9022288322	3.3422	3.5675	0.5935	-0.349	-2.062	8
-0.25	9.175	1.9022330046	3.3444	3.5673	0.5902	-0.349	-2.063	8
-0.25	9.175	1.9022371769	3.3465	3.567	0.587	-0.349	-2.064	8
-0.25	9.175	1.9022413492	3.3487	3.5668	0.5838	-0.349	-2.064	8
-0.25	9.175	1.9022455215	3.3509	3.5665	0.5806	-0.349	-2.065	8
-0.25	9.175	1.9022496939	3.353	3.5663	0.5774	-0.348	-2.066	8
-0.25	9.175	1.9022538662	3.3552	3.5661	0.5742	-0.348	-2.067	8
-0.25	9.175	1.9022580385	3.3574	3.5658	0.5709	-0.348	-2.068	8
-0.25	9.175	1.9022622108	3.3596	3.5656	0.5677	-0.348	-2.069	8
-0.25	9.175	1.9022663832	3.3617	3.5653	0.5645	-0.348	-2.069	8
-0.25	9.175	1.9022705555	3.3639	3.5651	0.5613	-0.348	-2.07	8
-0.25	9.175	1.9022747278	3.3661	3.5649	0.5581	-0.347	-2.071	8
-0.25	9.175	1.9022789001	3.3682	3.5646	0.5549	-0.347	-2.072	8
-0.25	9.175	1.9022830725	3.3704	3.5644	0.5516	-0.347	-2.073	8
-0.25	9.175	1.9022872448	3.3726	3.5641	0.5484	-0.347	-2.074	8
-0.25	9.175	1.9022914171	3.3748	3.5639	0.5452	-0.347	-2.075	8
-0.25	9.175	1.9022955894	3.3769	3.5637	0.542	-0.347	-2.076	8
-0.25	9.175	1.9022997618	3.3791	3.5634	0.5388	-0.347	-2.077	8
-0.25	9.175	1.9023039341	3.3813	3.5632	0.5356	-0.347	-2.078	8
-0.25	9.175	1.9023081064	3.3834	3.5629	0.5324	-0.347	-2.079	8
-0.25	9.175	1.9023122787	3.3856	3.5627	0.5291	-0.347	-2.08	8
-0.25	9.175	1.9023171663	3.3869	3.5625	0.5272	-0.346	-2.08	8
-0.25	9.175	1.9023219347	3.3881	3.5624	0.5252	-0.346	-2.081	8
-0.25	9.175	1.9023268223	3.3894	3.5622	0.5232	-0.346	-2.081	8
-0.25	9.175	1.9023315907	3.3906	3.5621	0.5213	-0.345	-2.081	8
-0.25	9.175	1.9023364782	3.3919	3.5619	0.5193	-0.345	-2.082	8
-0.25	9.175	1.9023412466	3.3931	3.5618	0.5173	-0.345	-2.082	8
-0.25	9.175	1.9023461342	3.3944	3.5616	0.5153	-0.345	-2.082	8
-0.25	9.175	1.9023509026	3.3957	3.5615	0.5134	-0.344	-2.083	8
-0.25	9.175	1.9023557901	3.3969	3.5613	0.5114	-0.344	-2.083	8
-0.25	9.175	1.9023605585	3.3982	3.5612	0.5094	-0.344	-2.084	8
-0.25	9.175	1.9023654461	3.3994	3.561	0.5074	-0.343	-2.084	8
-0.25	9.175	1.9023702145	3.4007	3.5609	0.5055	-0.343	-2.084	8
-0.25	9.175	1.902375102	3.4019	3.5607	0.5035	-0.343	-2.085	8
-0.25	9.175	1.9023799896	3.4032	3.5606	0.5015	-0.343	-2.085	8
-0.25	9.175	1.902384758	3.4044	3.5604	0.4996	-0.342	-2.086	8
-0.25	9.175	1.9023896456	3.4057	3.5603	0.4976	-0.342	-2.086	8
-0.25	9.175	1.9023944139	3.4069	3.5601	0.4956	-0.342	-2.086	8
-0.25	9.175	1.9023993015	3.4082	3.56	0.4936	-0.342	-2.086	8
-0.25	9.175	1.9024040699	3.4094	3.5598	0.4917	-0.342	-2.085	8
-0.25	9.175	1.9024089575	3.4107	3.5597	0.4897	-0.341	-2.085	8
-0.25	9.175	1.9024137259	3.412	3.5595	0.4877	-0.341	-2.084	8
-0.25	9.175	1.9024186134	3.4132	3.5594	0.4858	-0.34	-2.083	8
-0.25	9.175	1.9024233818	3.4145	3.5592	0.4838	-0.34	-2.082	8
-0.25	9.175	1.9024282694	3.4157	3.5591	0.4818	-0.339	-2.082	8
-0.25	9.175	1.9024330378	3.417	3.5589	0.4798	-0.339	-2.081	8
-0.25	9.175	1.9024379253	3.4182	3.5588	0.4779	-0.338	-2.08	8
-0.25	9.175	1.9024426937	3.4202	3.5585	0.4748	-0.338	-2.079	8
-0.25	9.175	1.9024473429	3.4222	3.5583	0.4717	-0.337	-2.078	8
-0.25	9.175	1.902451992	3.4241	3.558	0.4687	-0.336	-2.077	8
-0.25	9.175	1.9024567604	3.4261	3.5578	0.4656	-0.335	-2.076	8
-0.25	9.175	1.9024615288	3.4281	3.5576	0.4626	-0.334	-2.074	8
-0.25	9.175	1.9024661779	3.4301	3.5573	0.4595	-0.334	-2.073	8
-0.25	9.175	1.9024708271	3.432	3.5571	0.4564	-0.333	-2.072	8
-0.25	9.175	1.9024755955	3.434	3.5569	0.4534	-0.332	-2.071	8
-0.25	9.175	1.9024803638	3.436	3.5566	0.4503	-0.331	-2.07	8
-0.25	9.175	1.902485013	3.438	3.5564	0.4472	-0.33	-2.068	8
-0.25	9.175	1.9024896622	3.4399	3.5561	0.4442	-0.33	-2.067	8
-0.25	9.175	1.9024944305	3.4419	3.5559	0.4411	-0.329	-2.066	8
-0.25	9.175	1.9024991989	3.4439	3.5557	0.438	-0.328	-2.065	8
-0.25	9.175	1.9025038481	3.4459	3.5554	0.435	-0.327	-2.064	8
-0.25	9.175	1.9025084972	3.4478	3.5552	0.4319	-0.326	-2.063	8
-0.25	9.175	1.9025132656	3.4498	3.5549	0.4288	-0.326	-2.062	8
-0.25	9.175	1.902518034	3.4518	3.5547	0.4258	-0.325	-2.06	8
-0.25	9.175	1.9025226831	3.4537	3.5545	0.4227	-0.324	-2.059	8
-0.25	9.175	1.9025273323	3.4557	3.5542	0.4197	-0.323	-2.058	8
-0.25	9.175	1.9025321007	3.4577	3.554	0.4166	-0.322	-2.057	8
-0.25	9.175	1.902536869	3.4597	3.5537	0.4135	-0.322	-2.056	8
-0.25	9.175	1.9025415182	3.4616	3.5535	0.4105	-0.321	-2.055	8
-0.25	9.175	1.9025461674	3.4636	3.5533	0.4074	-0.32	-2.054	8
-0.25	9.175	1.9025509357	3.4656	3.553	0.4043	-0.319	-2.053	8
-0.25	9.175	1.9025557041	3.4676	3.5528	0.4013	-0.318	-2.051	8
-0.25	9.175	1.9025603533	3.4695	3.5526	0.3982	-0.318	-2.05	8
-0.25	9.175	1.9025654793	3.471	3.5524	0.3958	-0.317	-2.049	8
-0.25	9.175	1.9025704861	3.4725	3.5522	0.3933	-0.316	-2.048	8
-0.25	9.175	1.9025756121	3.474	3.552	0.3909	-0.315	-2.047	8
-0.25	9.175	1.9025806189	3.4755	3.5518	0.3884	-0.314	-2.045	8
-0.25	9.175	1.9025857449	3.4769	3.5516	0.386	-0.313	-2.044	8
-0.25	9.175	1.9025908709	3.4784	3.5514	0.3836	-0.312	-2.043	8
-0.25	9.175	1.9025958776	3.4799	3.5512	0.3811	-0.311	-2.042	8
-0.25	9.175	1.9026010036	3.4814	3.551	0.3787	-0.31	-2.04	8
-0.25	9.175	1.9026061296	3.4829	3.5508	0.3763	-0.309	-2.039	8
-0.25	9.175	1.9026111364	3.4843	3.5506	0.3738	-0.308	-2.038	8
-0.25	9.175	1.9026162624	3.4858	3.5504	0.3714	-0.307	-2.037	8
-0.25	9.175	1.9026212692	3.4873	3.5502	0.3689	-0.306	-2.036	8
-0.25	9.175	1.9026263952	3.4888	3.55	0.3665	-0.305	-2.034	8
-0.25	9.175	1.9026315212	3.4903	3.5498	0.3641	-0.303	-2.032	8
-0.25	9.175	1.902636528	3.4917	3.5496	0.3616	-0.301	-2.029	8
-0.25	9.175	1.902641654	3.4932	3.5494	0.3592	-0.299	-2.026	8
-0.25	9.175	1.9026466608	3.4947	3.5492	0.3567	-0.297	-2.023	8
-0.25	9.175	1.9026517868	3.4962	3.549	0.3543	-0.295	-2.02	8
-0.25	9.175	1.9026569128	3.4977	3.5488	0.3519	-0.293	-2.017	8
-0.25	9.175	1.9026619196	3.4991	3.5486	0.3494	-0.291	-2.014	8
-0.25	9.175	1.9026670456	3.5006	3.5485	0.347	-0.289	-2.011	8
-0.25	9.175	1.9026721716	3.5021	3.5483	0.3445	-0.286	-2.009	8
-0.25	9.175	1.9026771784	3.5036	3.5481	0.3421	-0.284	-2.006	8
-0.25	9.175	1.9026823044	3.5051	3.5479	0.3397	-0.282	-2.003	8
-0.25	9.175	1.9026873112	3.5066	3.5477	0.3372	-0.28	-2.0	8
-0.25	9.175	1.9026924372	3.508	3.5475	0.3348	-0.278	-1.997	8
-0.25	9.175	1.9026972055	3.5094	3.5473	0.3325	-0.276	-1.994	8
-0.25	9.175	1.9027020931	3.5107	3.5471	0.3302	-0.274	-1.991	8
-0.25	9.175	1.9027068615	3.5121	3.5469	0.3279	-0.272	-1.988	8
-0.25	9.175	1.9027117491	3.5134	3.5467	0.3256	-0.27	-1.986	8
-0.25	9.175	1.9027165174	3.5148	3.5465	0.3233	-0.268	-1.983	8
-0.25	9.175	1.902721405	3.5161	3.5464	0.321	-0.266	-1.98	8
-0.25	9.175	1.9027261734	3.5175	3.5462	0.3187	-0.264	-1.977	8
-0.25	9.175	1.9027309418	3.5188	3.546	0.3165	-0.261	-1.974	8
-0.25	9.175	1.9027358294	3.5201	3.5458	0.3142	-0.259	-1.971	8
-0.25	9.175	1.9027405977	3.5215	3.5456	0.3119	-0.257	-1.968	8
-0.25	9.175	1.9027454853	3.5228	3.5454	0.3096	-0.255	-1.965	8
-0.25	9.175	1.9027502537	3.5242	3.5452	0.3073	-0.253	-1.963	8
-0.25	9.175	1.902755022	3.5255	3.545	0.305	-0.251	-1.96	8
-0.25	9.175	1.9027599096	3.5269	3.5449	0.3027	-0.249	-1.957	8
-0.25	9.175	1.902764678	3.5282	3.5447	0.3004	-0.247	-1.954	8
-0.25	9.175	1.9027695656	3.5296	3.5445	0.2981	-0.245	-1.951	8
-0.25	9.175	1.902774334	3.5309	3.5443	0.2958	-0.243	-1.948	8
-0.25	9.175	1.9027792215	3.5323	3.5441	0.2935	-0.24	-1.945	8
-0.25	9.175	1.9027839899	3.5336	3.5439	0.2913	-0.238	-1.942	8
-0.25	9.175	1.9027887583	3.535	3.5437	0.289	-0.236	-1.94	8
-0.25	9.175	1.9027936459	3.5363	3.5436	0.2867	-0.234	-1.937	8
-0.25	9.175	1.9027984142	3.5376	3.5434	0.2844	-0.232	-1.934	8
-0.25	9.175	1.9028033018	3.539	3.5432	0.2821	-0.23	-1.931	8
-0.25	9.175	1.9028080702	3.5403	3.543	0.2798	-0.228	-1.928	8
-0.25	9.175	1.9028129578	3.5417	3.5428	0.2775	-0.226	-1.925	8
-0.25	9.175	1.9028177261	3.543	3.5426	0.2752	-0.224	-1.923	8
-0.25	9.175	1.9028222561	3.5443	3.5424	0.2729	-0.222	-1.92	8
-0.25	9.175	1.9028269053	3.5456	3.5422	0.2707	-0.219	-1.917	8
-0.25	9.175	1.9028314352	3.5469	3.5421	0.2684	-0.217	-1.914	8
-0.25	9.175	1.9028360844	3.5482	3.5419	0.2661	-0.215	-1.911	8
-0.25	9.175	1.9028406143	3.5495	3.5417	0.2638	-0.213	-1.908	8
-0.25	9.175	1.9028452635	3.5508	3.5415	0.2615	-0.21	-1.905	8
-0.25	9.175	1.9028497934	3.5521	3.5413	0.2593	-0.208	-1.902	8
-0.25	9.175	1.9028544426	3.5534	3.5411	0.257	-0.206	-1.898	8
-0.25	9.175	1.9028589725	3.5547	3.5409	0.2547	-0.204	-1.896	8
-0.25	9.175	1.9028636217	3.556	3.5407	0.2524	-0.202	-1.893	8
-0.25	9.175	1.9028681517	3.5573	3.5405	0.2501	-0.199	-1.89	8
-0.25	9.175	1.9028728008	3.5587	3.5404	0.2479	-0.197	-1.887	8
-0.25	9.175	1.9028773308	3.56	3.5402	0.2456	-0.195	-1.884	8
-0.25	9.175	1.9028818607	3.5613	3.54	0.2433	-0.193	-1.88	8
-0.25	9.175	1.9028865099	3.5626	3.5398	0.241	-0.189	-1.876	8
-0.25	9.175	1.9028910398	3.5639	3.5396	0.2388	-0.185	-1.871	8
-0.25	9.175	1.902895689	3.5652	3.5394	0.2365	-0.182	-1.866	8
-0.25	9.175	1.902900219	3.5665	3.5392	0.2342	-0.178	-1.861	8
-0.25	9.175	1.9029048681	3.5678	3.539	0.2319	-0.174	-1.856	8
-0.25	9.175	1.9029093981	3.5691	3.5389	0.2296	-0.171	-1.851	8
-0.25	9.175	1.9029140472	3.5704	3.5387	0.2274	-0.167	-1.846	8
-0.25	9.175	1.9029185772	3.5717	3.5385	0.2251	-0.163	-1.841	8
-0.25	9.175	1.9029232264	3.573	3.5383	0.2228	-0.16	-1.837	8
-0.25	9.175	1.9029277563	3.5743	3.5381	0.2205	-0.156	-1.832	8
-0.25	9.175	1.9029324055	3.5756	3.5379	0.2182	-0.153	-1.827	8
-0.25	9.175	1.9029369354	3.5769	3.5377	0.2159	-0.149	-1.822	8
-0.25	9.175	1.9029415846	3.578	3.5375	0.2138	-0.145	-1.817	8
-0.25	9.175	1.9029461145	3.5791	3.5374	0.2117	-0.141	-1.812	8
-0.25	9.175	1.9029507637	3.5802	3.5372	0.2096	-0.138	-1.807	8
-0.25	9.175	1.9029552937	3.5814	3.537	0.2075	-0.134	-1.802	8
-0.25	9.175	1.9029599428	3.5825	3.5368	0.2054	-0.13	-1.797	8
-0.25	9.175	1.902964592	3.5836	3.5366	0.2033	-0.126	-1.792	8
-0.25	9.175	1.9029691219	3.5847	3.5365	0.2011	-0.123	-1.787	8
-0.25	9.175	1.9029737711	3.5859	3.5363	0.199	-0.119	-1.782	8
-0.25	9.175	1.9029784203	3.587	3.5361	0.1969	-0.115	-1.778	8
-0.25	9.175	1.9029829502	3.5881	3.5359	0.1948	-0.112	-1.773	8
-0.25	9.175	1.9029875994	3.5892	3.5357	0.1927	-0.108	-1.768	8
-0.25	9.175	1.9029921293	3.5903	3.5356	0.1906	-0.104	-1.763	8
-0.25	9.175	1.9029967785	3.5915	3.5354	0.1884	-0.1	-1.758	8
-0.25	9.175	1.9030014277	3.5926	3.5352	0.1863	-0.097	-1.753	8
-0.25	9.175	1.9030059576	3.5937	3.535	0.1842	-0.093	-1.748	8
-0.25	9.175	1.9030106068	3.5948	3.5348	0.1821	-0.089	-1.743	8
-0.25	9.175	1.9030151367	3.596	3.5347	0.18	-0.086	-1.738	8
-0.25	9.175	1.9030197859	3.5971	3.5345	0.1779	-0.082	-1.733	8
-0.25	9.175	1.903024435	3.5982	3.5343	0.1757	-0.078	-1.728	8
-0.25	9.175	1.903028965	3.5993	3.5341	0.1736	-0.075	-1.724	8
-0.25	9.175	1.9030336142	3.6004	3.5339	0.1715	-0.071	-1.719	8
-0.25	9.175	1.9030382633	3.6016	3.5337	0.1694	-0.067	-1.714	8
-0.25	9.175	1.9030427933	3.6027	3.5336	0.1673	-0.064	-1.709	8
-0.25	9.175	1.9030474424	3.6038	3.5334	0.1651	-0.06	-1.704	8
-0.25	9.175	1.9030519724	3.6049	3.5332	0.163	-0.056	-1.699	8
-0.25	9.175	1.9030566216	3.6061	3.533	0.1609	-0.053	-1.694	8
-0.25	9.175	1.9030609131	3.607	3.5329	0.159	-0.049	-1.69	8
-0.25	9.175	1.9030652046	3.608	3.5327	0.157	-0.046	-1.685	8
-0.25	9.175	1.9030694962	3.609	3.5325	0.1551	-0.042	-1.681	8
-0.25	9.175	1.9030737877	3.61	3.5324	0.1531	-0.039	-1.676	8
-0.25	9.175	1.9030780792	3.611	3.5322	0.1512	-0.035	-1.671	8
-0.25	9.175	1.9030823708	3.6119	3.532	0.1492	-0.032	-1.667	8
-0.25	9.175	1.9030866623	3.6129	3.5319	0.1473	-0.028	-1.662	8
-0.25	9.175	1.9030909538	3.6139	3.5317	0.1453	-0.025	-1.657	8
-0.25	9.175	1.9030952454	3.6149	3.5315	0.1434	-0.021	-1.653	8
-0.25	9.175	1.9030995369	3.6159	3.5314	0.1415	-0.018	-1.648	8
-0.25	9.175	1.9031038284	3.6168	3.5312	0.1395	-0.014	-1.644	8
-0.25	9.175	1.90310812	3.6178	3.531	0.1376	-0.011	-1.639	8
-0.25	9.175	1.9031124115	3.6188	3.5309	0.1356	-0.007	-1.634	8
-0.25	9.175	1.9031168222	3.6198	3.5307	0.1337	-0.004	-1.63	8
-0.25	9.175	1.9031211138	3.6208	3.5305	0.1317	-0.0	-1.625	8
-0.25	9.175	1.9031254053	3.6217	3.5304	0.1298	0.003	-1.621	8
-0.25	9.175	1.9031296968	3.6227	3.5302	0.1278	0.007	-1.616	8
-0.25	9.175	1.9031339884	3.6237	3.53	0.1259	0.01	-1.612	8
-0.25	9.175	1.9031382799	3.6247	3.5298	0.1239	0.016	-1.604	8
-0.25	9.175	1.9031425714	3.6257	3.5297	0.122	0.023	-1.596	8
-0.25	9.175	1.903146863	3.6267	3.5295	0.12	0.03	-1.587	8
-0.25	9.175	1.9031511545	3.6276	3.5293	0.1181	0.036	-1.579	8
-0.25	9.175	1.9031554461	3.6286	3.5292	0.1161	0.043	-1.571	8
-0.25	9.175	1.9031597376	3.6296	3.529	0.1142	0.05	-1.563	8
-0.25	9.175	1.9031640291	3.6306	3.5288	0.1122	0.056	-1.555	8
-0.25	9.175	1.9031683207	3.6316	3.5287	0.1103	0.063	-1.547	8
-0.25	9.175	1.9031723738	3.6325	3.5285	0.1084	0.069	-1.539	8
-0.25	9.175	1.9031764269	3.6334	3.5284	0.1065	0.075	-1.532	8
-0.25	9.175	1.90318048	3.6343	3.5282	0.1047	0.081	-1.524	8
-0.25	9.175	1.9031845331	3.6353	3.5281	0.1028	0.088	-1.517	8
-0.25	9.175	1.9031885862	3.6362	3.5279	0.1009	0.094	-1.509	8
-0.25	9.175	1.9031926394	3.6371	3.5277	0.099	0.1	-1.502	8
-0.25	9.175	1.9031968117	3.6381	3.5276	0.0972	0.106	-1.494	8
-0.25	9.175	1.9032008648	3.639	3.5274	0.0953	0.112	-1.486	8
-0.25	9.175	1.9032049179	3.6399	3.5273	0.0934	0.118	-1.479	8
-0.25	9.175	1.903208971	3.6408	3.5271	0.0915	0.124	-1.471	8
-0.25	9.175	1.9032130241	3.6418	3.527	0.0897	0.13	-1.464	8
-0.25	9.175	1.9032170773	3.6427	3.5268	0.0878	0.137	-1.456	8
-0.25	9.175	1.9032211304	3.6436	3.5267	0.0859	0.143	-1.449	8
-0.25	9.175	1.9032251835	3.6446	3.5265	0.084	0.149	-1.441	8
-0.25	9.175	1.9032292366	3.6455	3.5264	0.0822	0.155	-1.434	8
-0.25	9.175	1.9032332897	3.6464	3.5262	0.0803	0.161	-1.426	8
-0.25	9.175	1.9032373428	3.6474	3.526	0.0784	0.167	-1.419	8
-0.25	9.175	1.903241396	3.6483	3.5259	0.0765	0.173	-1.411	8
-0.25	9.175	1.9032454491	3.6492	3.5257	0.0747	0.18	-1.404	8
-0.25	9.175	1.9032496214	3.6501	3.5256	0.0728	0.186	-1.396	8
-0.25	9.175	1.9032536745	3.6511	3.5254	0.0709	0.192	-1.389	8
-0.25	9.175	1.9032577276	3.652	3.5253	0.069	0.198	-1.381	8
-0.25	9.175	1.9032617807	3.6529	3.5251	0.0672	0.204	-1.373	8
-0.25	9.175	1.9032658339	3.6539	3.525	0.0653	0.21	-1.366	8
-0.25	9.175	1.903269887	3.6548	3.5248	0.0634	0.216	-1.358	8
-0.25	9.175	1.9032739401	3.6557	3.5246	0.0615	0.223	-1.351	8
-0.25	9.175	1.9032789469	3.6571	3.5244	0.0586	0.232	-1.339	8
-0.25	9.175	1.9032838345	3.6586	3.5242	0.0558	0.242	-1.327	8
-0.25	9.175	1.9032888412	3.66	3.5239	0.0529	0.251	-1.316	8
-0.25	9.175	1.9032937288	3.6614	3.5237	0.05	0.261	-1.304	8
-0.25	9.175	1.9032987356	3.6628	3.5234	0.0472	0.27	-1.292	8
-0.25	9.175	1.9033036232	3.6643	3.5232	0.0443	0.28	-1.281	8
-0.25	9.175	1.90330863	3.6657	3.523	0.0414	0.289	-1.269	8
-0.25	9.175	1.9033136368	3.6671	3.5227	0.0386	0.299	-1.257	8
-0.25	9.175	1.9033185244	3.6685	3.5225	0.0357	0.308	-1.246	8
-0.25	9.175	1.9033235312	3.67	3.5222	0.0328	0.318	-1.234	8
-0.25	9.175	1.9033284187	3.6714	3.522	0.0299	0.327	-1.222	8
-0.25	9.175	1.9033334255	3.6728	3.5218	0.0271	0.337	-1.211	8
-0.25	9.175	1.9033384323	3.6742	3.5215	0.0242	0.346	-1.199	8
-0.25	9.175	1.9033433199	3.6757	3.5213	0.0213	0.356	-1.187	8
-0.25	9.175	1.9033483267	3.6771	3.5211	0.0184	0.365	-1.176	8
-0.25	9.175	1.9033532143	3.6785	3.5208	0.0156	0.375	-1.164	8
-0.25	9.175	1.9033582211	3.6799	3.5206	0.0127	0.384	-1.152	8
-0.25	9.175	1.9033631086	3.6814	3.5203	0.0098	0.394	-1.141	8
-0.25	9.175	1.9033681154	3.6828	3.5201	0.0069	0.403	-1.129	8
-0.25	9.175	1.9033731222	3.6842	3.5199	0.004	0.412	-1.119	8
-0.25	9.175	1.9033780098	3.6856	3.5196	0.0012	0.421	-1.111	8
-0.25	9.175	1.9033830166	3.6871	3.5194	-0.0017	0.429	-1.102	8
-0.25	9.175	1.9033879042	3.6885	3.5191	-0.0046	0.437	-1.092	8
-0.25	9.175	1.903392911	3.6899	3.5189	-0.0075	0.445	-1.083	8
-0.25	9.175	1.9033977985	3.6913	3.5187	-0.0104	0.453	-1.073	8
-0.25	9.175	1.9034028053	3.6928	3.5184	-0.0132	0.46	-1.064	8
-0.25	9.175	1.9034075737	3.6939	3.5175	-0.0184	0.5	-1.021	8
-0.25	9.175	1.9034122229	3.695	3.5167	-0.0235	-0.606	-2.723	8
-0.25	9.175	1.9034169912	3.6962	3.5158	-0.0287	-0.593	-2.713	8
-0.25	9.175	1.9034217596	3.6973	3.5149	-0.0338	-0.579	-2.703	8
-0.25	9.175	1.903426528	3.6985	3.5141	-0.039	-0.566	-2.692	8
-0.25	9.175	1.9034311771	3.6996	3.5132	-0.0441	-0.552	-2.681	8
-0.25	9.175	1.9034359455	3.7008	3.5123	-0.0493	-0.537	-2.67	8
-0.25	9.175	1.9034407139	3.7019	3.5114	-0.0545	-0.523	-2.658	8
-0.25	9.175	1.9034454823	3.7031	3.5106	-0.0596	-0.508	-2.646	8
-0.25	9.175	1.9034501314	3.7042	3.5097	-0.0648	-0.493	-2.634	8
-0.25	9.175	1.9034548998	3.7053	3.5088	-0.0699	-0.477	-2.621	8
-0.25	9.175	1.9034596682	3.7065	3.508	-0.0751	-0.461	-2.608	8
-0.25	9.175	1.9034643173	3.7076	3.5071	-0.0802	-0.445	-2.595	8
-0.25	9.175	1.9034690857	3.7088	3.5062	-0.0854	-0.428	-2.581	8
-0.25	9.175	1.9034738541	3.7099	3.5053	-0.0906	-0.41	-2.567	8
-0.25	9.175	1.9034786224	3.7111	3.5045	-0.0957	-0.398	-2.558	8
-0.25	9.175	1.9034832716	3.7122	3.5036	-0.1009	-0.387	-2.55	8
-0.25	9.175	1.90348804	3.7134	3.5027	-0.106	-0.376	-2.543	8
-0.25	9.175	1.9034928083	3.7145	3.5019	-0.1112	-0.366	-2.536	8
-0.25	9.175	1.9034975767	3.7156	3.501	-0.1164	-0.357	-2.53	8
-0.25	9.175	1.9035022259	3.7168	3.5001	-0.1215	-0.347	-2.523	8
-0.25	9.175	1.9035069942	3.7179	3.4992	-0.1267	-0.338	-2.517	8
-0.25	9.175	1.9035117626	3.7191	3.4984	-0.1319	-0.329	-2.511	8
-0.25	9.175	1.903516531	3.7202	3.4975	-0.137	-0.321	-2.506	8
-0.25	9.175	1.9035211802	3.7214	3.4966	-0.1422	-0.312	-2.501	8
-0.25	9.175	1.9035259485	3.7225	3.4958	-0.1474	-0.305	-2.496	8
-0.25	9.175	1.9035302401	3.7237	3.4951	-0.1515	-0.3	-2.493	8
-0.25	9.175	1.9035345316	3.7248	3.4945	-0.1557	-0.295	-2.491	8
-0.25	9.175	1.9035388231	3.726	3.4939	-0.1599	-0.291	-2.489	8
-0.25	9.175	1.9035431147	3.7272	3.4933	-0.1641	-0.287	-2.487	8
-0.25	9.175	1.9035474062	3.7283	3.4926	-0.1683	-0.283	-2.485	8
-0.25	9.175	1.9035516977	3.7295	3.492	-0.1725	-0.279	-2.483	8
-0.25	9.175	1.9035559893	3.7306	3.4914	-0.1767	-0.275	-2.482	8
-0.25	9.175	1.9035602808	3.7318	3.4908	-0.1809	-0.268	-2.477	8
-0.25	9.175	1.9035645723	3.733	3.4902	-0.1851	-0.261	-2.472	8
-0.25	9.175	1.9035688639	3.7341	3.4895	-0.1893	-0.254	-2.466	8
-0.25	9.175	1.9035731554	3.7353	3.4889	-0.1935	-0.247	-2.461	8
-0.25	9.175	1.9035774469	3.7364	3.4883	-0.1977	-0.24	-2.456	8
-0.25	9.175	1.9035817385	3.7376	3.4877	-0.2019	-0.232	-2.45	8
-0.25	9.175	1.90358603	3.7388	3.4871	-0.2061	-0.223	-2.443	8
-0.25	9.175	1.9035903215	3.7399	3.4864	-0.2103	-0.215	-2.436	8
-0.25	9.175	1.9035946131	3.7411	3.4858	-0.2145	-0.208	-2.429	8
-0.25	9.175	1.9035989046	3.7423	3.4852	-0.2187	-0.201	-2.423	8
-0.25	9.175	1.9036031961	3.7434	3.4846	-0.2229	-0.194	-2.417	8
-0.25	9.175	1.9036074877	3.7446	3.484	-0.2271	-0.188	-2.411	8
-0.25	9.175	1.9036117792	3.7457	3.4833	-0.2314	-0.182	-2.406	8
-0.25	9.175	1.9036160707	3.7469	3.4827	-0.2356	-0.177	-2.401	8
-0.25	9.175	1.9036203623	3.7481	3.4821	-0.2398	-0.172	-2.396	8
-0.25	9.175	1.9036246538	3.7492	3.4815	-0.244	-0.168	-2.391	8
-0.25	9.175	1.9036289454	3.7504	3.4808	-0.2482	-0.164	-2.387	8
-0.25	9.175	1.9036332369	3.7516	3.4802	-0.2524	-0.161	-2.383	8
-0.25	9.175	1.9036375284	3.7527	3.4796	-0.2566	-0.158	-2.379	8
-0.25	9.175	1.9036414623	3.7539	3.4791	-0.2606	-0.156	-2.377	8
-0.25	9.175	1.9036453962	3.755	3.4785	-0.2646	-0.155	-2.374	8
-0.25	9.175	1.9036493301	3.7562	3.478	-0.2685	-0.154	-2.372	8
-0.25	9.175	1.903653264	3.7573	3.4775	-0.2725	-0.153	-2.37	8
-0.25	9.175	1.903657198	3.7585	3.4769	-0.2765	-0.151	-2.367	8
-0.25	9.175	1.9036611319	3.7596	3.4764	-0.2805	-0.144	-2.362	8
-0.25	9.175	1.9036649466	3.7608	3.4759	-0.2845	-0.136	-2.356	8
-0.25	9.175	1.9036688805	3.7619	3.4753	-0.2885	-0.128	-2.351	8
-0.25	9.175	1.9036728144	3.7631	3.4748	-0.2924	-0.12	-2.345	8
-0.25	9.175	1.9036767483	3.7642	3.4743	-0.2964	-0.112	-2.339	8
-0.25	9.175	1.9036806822	3.7654	3.4737	-0.3004	-0.102	-2.332	8
-0.25	9.175	1.9036846161	3.7665	3.4732	-0.3044	-0.087	-2.321	8
-0.25	9.175	1.90368855	3.7677	3.4726	-0.3084	-0.072	-2.311	8
-0.25	9.175	1.9036924839	3.7688	3.4721	-0.3124	-0.057	-2.301	8
-0.25	9.175	1.9036964178	3.77	3.4716	-0.3164	-0.042	-2.291	8
-0.25	9.175	1.9037003517	3.7711	3.471	-0.3204	-0.028	-2.282	8
-0.25	9.175	1.9037042856	3.7723	3.4705	-0.3244	-0.015	-2.273	8
-0.25	9.175	1.9037082195	3.7734	3.47	-0.3284	-0.001	-2.263	8
-0.25	9.175	1.9037121534	3.7746	3.4694	-0.3324	0.012	-2.254	8
-0.25	9.175	1.9037159681	3.7757	3.4689	-0.3364	0.024	-2.245	8
-0.25	9.175	1.903719902	3.7769	3.4684	-0.3404	0.036	-2.237	8
-0.25	9.175	1.9037238359	3.778	3.4678	-0.3444	0.048	-2.228	8
-0.25	9.175	1.9037277699	3.7792	3.4673	-0.3484	0.06	-2.22	8
-0.25	9.175	1.9037317038	3.7803	3.4668	-0.3524	0.071	-2.212	8
-0.25	9.175	1.9037356377	3.7815	3.4662	-0.3564	0.082	-2.204	8
-0.25	9.175	1.9037395716	3.7826	3.4657	-0.3604	0.093	-2.196	8
-0.25	9.175	1.9037432671	3.7836	3.4649	-0.3672	0.112	-2.182	8
-0.25	9.175	1.9037468433	3.7846	3.464	-0.3739	0.13	-2.168	8
-0.25	9.175	1.9037505388	3.7857	3.4632	-0.3807	0.148	-2.155	8
-0.25	9.175	1.9037542343	3.7867	3.4624	-0.3875	0.164	-2.142	8
-0.25	9.175	1.9037578106	3.7877	3.4615	-0.3943	0.171	-2.138	8
-0.25	9.175	1.9037615061	3.7887	3.4607	-0.4011	0.178	-2.135	8
-0.25	9.175	1.9037652016	3.7897	3.4599	-0.408	0.184	-2.132	8
-0.25	9.175	1.9037688971	3.7907	3.459	-0.4148	0.19	-2.13	8
-0.25	9.175	1.9037724733	3.7917	3.4582	-0.4217	0.195	-2.128	8
-0.25	9.175	1.9037761688	3.7927	3.4574	-0.4286	0.2	-2.127	8
-0.25	9.175	1.9037798643	3.7937	3.4566	-0.4355	0.205	-2.125	8
-0.25	9.175	1.9037834406	3.7947	3.4557	-0.4424	0.209	-2.124	8
-0.25	9.175	1.9037871361	3.7958	3.4549	-0.4493	0.213	-2.124	8
-0.25	9.175	1.9037908316	3.7968	3.4541	-0.4563	0.217	-2.123	8
-0.25	9.175	1.9037944078	3.7978	3.4532	-0.4632	0.221	-2.123	8
-0.25	9.175	1.9037981033	3.7988	3.4524	-0.4702	0.224	-2.124	8
-0.25	9.175	1.9038017988	3.7998	3.4516	-0.4772	0.227	-2.124	8
-0.25	9.175	1.9038053751	3.8008	3.4508	-0.4842	0.23	-2.125	8
-0.25	9.175	1.9038090706	3.8018	3.4499	-0.4912	0.233	-2.127	8
-0.25	9.175	1.9038127661	3.8028	3.4491	-0.4983	0.235	-2.128	8
-0.25	9.175	1.9038164616	3.8038	3.4483	-0.5053	0.234	-2.131	8
-0.25	9.175	1.9038200378	3.8048	3.4474	-0.5124	0.233	-2.134	8
-0.25	9.175	1.9038237333	3.8059	3.4466	-0.5195	0.232	-2.135	8
-0.25	9.175	1.9038274288	3.8069	3.4458	-0.5266	0.233	-2.133	8
-0.25	9.175	1.9038310051	3.8079	3.4449	-0.5338	0.235	-2.131	8
-0.25	9.175	1.9038347006	3.8089	3.4441	-0.5409	0.238	-2.129	8
-0.25	9.175	1.9038380384	3.809	3.4489	-0.5308	0.22	-2.141	8
-0.25	9.175	1.9038412571	3.8092	3.4537	-0.5208	0.213	-2.136	8
-0.25	9.175	1.903844595	3.8094	3.4585	-0.511	0.205	-2.131	8
-0.25	9.175	1.9038479328	3.8095	3.4633	-0.5014	0.185	-2.136	8
-0.25	9.175	1.9038511515	3.8097	3.4681	-0.4921	0.108	-2.197	8
-0.25	9.175	1.9038544893	3.8099	3.4729	-0.4829	0.03	-2.259	8
-0.25	9.175	1.9038578272	3.81	3.4777	-0.474	-0.047	-2.321	8
-0.25	9.175	1.9038610458	3.8102	3.4825	-0.4653	-0.123	-2.382	8
-0.25	9.175	1.9038643837	3.8103	3.4873	-0.4569	-0.198	-2.443	8
-0.25	9.175	1.9038677216	3.8105	3.4921	-0.4487	-0.272	-2.503	8
-0.25	9.175	1.9038709402	3.8107	3.4969	-0.4408	-0.335	-2.554	8
-0.25	9.175	1.9038742781	3.8108	3.5017	-0.4333	-0.395	-2.602	8
-0.25	9.175	1.9038774967	3.811	3.5065	-0.426	-0.482	-2.671	8
-0.25	9.175	1.9038808346	3.8111	3.5113	-0.419	-0.649	-2.806	8
-0.25	9.175	1.9038841724	3.8113	3.5161	-0.4124	-0.816	-2.94	8
-0.25	9.175	1.9038873911	3.8115	3.5208	-0.4062	-0.938	-3.041	8
-0.25	9.175	1.903890729	3.8116	3.5256	-0.4003	-1.014	-3.108	8
-0.25	9.175	1.9038940668	3.8118	3.5304	-0.3949	-1.09	-3.175	8
-0.25	9.175	1.9038972855	3.8119	3.5352	-0.3899	-1.119	-3.194	8
-0.25	9.175	1.9039006233	3.8121	3.54	-0.3853	-1.135	-3.199	8
-0.25	9.175	1.9039039612	3.8123	3.5448	-0.3813	-1.16	-3.213	8
-0.25	9.175	1.9039071798	3.8124	3.5496	-0.3778	-1.234	-3.278	8
-0.25	9.175	1.9039105177	3.8126	3.5544	-0.3749	-1.307	-3.342	8
-0.25	9.175	1.9039138556	3.8127	3.5592	-0.3725	-1.378	-3.404	8
-0.25	9.175	1.9039170742	3.8129	3.564	-0.3709	-1.446	-3.464	8
-0.25	9.175	1.9039204121	3.8131	3.5688	-0.37	-1.515	-3.524	8
