# File generated by 'createIsoFiles.py' on Fri Nov 24 15:30:47 2017.
# Content of file: isochrone table with t = 1.78Gyr, [Fe/H] = -0.2.
# Isochrone tables in this file have been created by
# on the basis of PARSEC isochrones.
# NOTE: templates with M < 0.1 Msun have been.
# removed (considered below LMCO).
# -----------------------------------------------------------------
# FeH	log(age/yr)	M_ini	logL/Lo	logTeff	logg	 B	 V	 stage
-0.2	9.25	0.1000000015	-3.1896	3.4081	5.2122	19.75	17.821	1
-0.2	9.25	0.1199999973	-2.9238	3.442	5.1608	17.784	15.998	1
-0.2	9.25	0.1400000006	-2.7426	3.4609	5.1222	16.685	14.968	1
-0.2	9.25	0.1599999964	-2.6005	3.4745	5.0925	15.911	14.241	1
-0.2	9.25	0.1995088011	-2.3865	3.4929	5.0479	14.857	13.234	1
-0.2	9.25	0.200000003	-2.3841	3.4931	5.0474	14.846	13.224	1
-0.2	9.25	0.25	-2.1858	3.5078	5.005	14.002	12.426	1
-0.2	9.25	0.3190848827	-1.9652	3.522	4.947	13.161	11.627	1
-0.2	9.25	0.3371560276	-1.9063	3.525	4.9242	12.957	11.434	1
-0.2	9.25	0.349999994	-1.8704	3.5275	4.9146	12.823	11.307	0
-0.2	9.25	0.400000006	-1.7224	3.5384	4.868	12.272	10.788	0
-0.2	9.25	0.4094280005	-1.6914	3.541	4.8574	12.154	10.677	1
-0.2	9.25	0.4499999881	-1.5663	3.5515	4.8156	11.687	10.235	1
-0.2	9.25	0.5	-1.4023	3.5682	4.764	11.054	9.633	1
-0.2	9.25	0.5500000119	-1.2319	3.5889	4.7178	10.376	8.999	1
-0.2	9.25	0.6000000238	-1.0633	3.6139	4.6868	9.671	8.373	1
-0.2	9.25	0.6087309122	-1.0333	3.619	4.6839	9.537	8.258	1
-0.2	9.25	0.6499999762	-0.8969	3.6427	4.6707	8.892	7.724	1
-0.2	9.25	0.6999999881	-0.7398	3.6712	4.6595	8.121	7.1	1
-0.2	9.25	0.75	-0.5937	3.6968	4.6459	7.479	6.572	1
-0.2	9.25	0.7840975523	-0.5001	3.7114	4.63	7.112	6.264	1
-0.2	9.25	0.8000000119	-0.4577	3.718	4.6228	6.952	6.13	1
-0.2	9.25	0.8133397102	-0.4225	3.7232	4.6157	6.823	6.021	1
-0.2	9.25	0.8500000238	-0.3281	3.7372	4.5963	6.486	5.737	1
-0.2	9.25	0.8999999762	-0.2046	3.7542	4.5654	6.067	5.384	1
-0.2	9.25	0.9278398156	-0.1377	3.7626	4.5454	5.851	5.2	1
-0.2	9.25	0.9499999881	-0.0856	3.769	4.5294	5.684	5.057	1
-0.2	9.25	0.9609351754	-0.06	3.7719	4.5204	5.603	4.988	1
-0.2	9.25	1.0	0.0299	3.782	4.4882	5.32	4.749	1
-0.2	9.25	1.0243691206	0.0853	3.7877	4.4661	5.149	4.605	1
-0.2	9.25	1.0499999523	0.1426	3.7935	4.4425	4.974	4.457	1
-0.2	9.25	1.078492403	0.2053	3.7996	4.4158	4.786	4.295	1
-0.2	9.25	1.1000000238	0.252	3.804	4.3953	4.649	4.174	1
-0.2	9.25	1.1221241951	0.2991	3.8084	4.3745	4.51	4.053	1
-0.2	9.25	1.1499999762	0.3576	3.8137	4.3479	4.34	3.902	1
-0.2	9.25	1.1593209505	0.3769	3.8155	4.3392	4.285	3.852	1
-0.2	9.25	1.1913686991	0.4424	3.8213	4.3088	4.096	3.684	1
-0.2	9.25	1.2000000477	0.4599	3.8228	4.3004	4.046	3.639	1
-0.2	9.25	1.2480826378	0.552	3.8308	4.2575	3.782	3.402	1
-0.2	9.25	1.25	0.5556	3.8311	4.2558	3.772	3.393	1
-0.2	9.25	1.2634518147	0.5801	3.8334	4.2448	3.702	3.33	1
-0.2	9.25	1.3214880228	0.683	3.8415	4.1938	3.413	3.066	1
-0.2	9.25	1.3406428099	0.7161	3.8436	4.1757	3.321	2.981	1
-0.2	9.25	1.3906427622	0.8006	3.8494	4.13	3.087	2.764	1
-0.2	9.25	1.4098110199	0.8329	3.8515	4.112	2.997	2.681	1
-0.2	9.25	1.4406428337	0.885	3.8539	4.0792	2.856	2.548	1
-0.2	9.25	1.4591747522	0.9159	3.8543	4.0553	2.776	2.47	1
-0.2	9.25	1.4810966253	0.9522	3.854	4.0241	2.684	2.378	1
-0.2	9.25	1.4906429052	0.968	3.8534	4.0091	2.645	2.338	1
-0.2	9.25	1.502217412	0.9868	3.8528	3.991	2.598	2.29	1
-0.2	9.25	1.5209549665	1.0172	3.8505	3.957	2.527	2.214	1
-0.2	9.25	1.5405666828	1.0486	3.8468	3.9162	2.459	2.137	1
-0.2	9.25	1.5406427383	1.0487	3.8468	3.916	2.459	2.136	1
-0.2	9.25	1.5453085899	1.0561	3.8458	3.9062	2.443	2.118	1
-0.2	9.25	1.5619277954	1.0819	3.8418	3.8688	2.39	2.055	1
-0.2	9.25	1.5793677568	1.1084	3.8361	3.8244	2.342	1.991	1
-0.2	9.25	1.5906428099	1.1251	3.8317	3.793	2.315	1.952	1
-0.2	9.25	1.6023285389	1.1422	3.8268	3.7595	2.29	1.912	1
-0.2	9.25	1.6206229925	1.1684	3.8188	3.7066	2.255	1.852	1
-0.2	9.25	1.6362196207	1.1919	3.8115	3.6581	2.226	1.799	1
-0.2	9.25	1.6406427622	1.201	3.8103	3.6453	2.208	1.777	1
-0.2	9.25	1.6468009949	1.2144	3.809	3.6283	2.18	1.745	1
-0.2	9.25	1.6524987221	1.2448	3.8144	3.6207	2.079	1.663	1
-0.2	9.25	1.6544693708	1.2723	3.8234	3.63	1.97	1.585	1
-0.2	9.25	1.6551219225	1.2958	3.8331	3.6453	1.872	1.518	1
-0.2	9.25	1.6554344893	1.3188	3.8426	3.6607	1.779	1.453	1
-0.2	9.25	1.6556123495	1.3428	3.8519	3.6737	1.685	1.386	1
-0.2	9.25	1.6557575464	1.3662	3.8606	3.6851	1.596	1.322	2
-0.2	9.25	1.6558439732	1.3316	3.8526	3.6876	1.712	1.414	2
-0.2	9.25	1.6558908224	1.3112	3.8445	3.6756	1.792	1.471	2
-0.2	9.25	1.6559576988	1.3039	3.8337	3.6401	1.849	1.497	2
-0.2	9.25	1.6560506821	1.3134	3.823	3.5875	1.867	1.481	2
-0.2	9.25	1.6561905146	1.3234	3.8123	3.535	1.887	1.465	2
-0.2	9.25	1.656424284	1.3271	3.8015	3.4878	1.928	1.468	2
-0.2	9.25	1.6567952633	1.3222	3.7905	3.4491	2.0	1.493	2
-0.2	9.25	1.6572966576	1.3074	3.7798	3.4213	2.103	1.546	2
-0.2	9.25	1.6578838825	1.2811	3.7691	3.4047	2.235	1.634	2
-0.2	9.25	1.6583328247	1.2539	3.761	3.3998	2.349	1.718	2
-0.2	9.25	1.6587418318	1.2237	3.7536	3.4002	2.47	1.81	2
-0.2	9.25	1.6591049433	1.1948	3.7467	3.402	2.585	1.898	2
-0.2	9.25	1.6595852375	1.1622	3.7377	3.3987	2.725	2.004	2
-0.2	9.25	1.6601840258	1.1493	3.7276	3.3714	2.827	2.066	2
-0.2	9.25	1.6603034735	1.1484	3.7257	3.3646	2.843	2.075	3
-0.2	9.25	1.6608012915	1.1741	3.7195	3.314	2.824	2.031	3
-0.2	9.25	1.6612815857	1.2119	3.7146	3.257	2.768	1.955	3
-0.2	9.25	1.6617093086	1.2525	3.7111	3.2024	2.694	1.866	3
-0.2	9.25	1.6621098518	1.2935	3.7082	3.15	2.615	1.775	3
-0.2	9.25	1.6624975204	1.3347	3.7056	3.0983	2.533	1.682	3
-0.2	9.25	1.662876606	1.3761	3.7031	3.0472	2.45	1.589	3
-0.2	9.25	1.6632518768	1.4176	3.7006	2.996	2.366	1.495	3
-0.2	9.25	1.6636248827	1.4592	3.6983	2.9449	2.283	1.401	3
-0.2	9.25	1.6639975309	1.5004	3.6959	2.8943	2.203	1.309	3
-0.2	9.25	1.664462328	1.5511	3.693	2.8322	2.103	1.195	3
-0.2	9.25	1.6649212837	1.6006	3.6901	2.7714	2.005	1.084	3
-0.2	9.25	1.6653323174	1.645	3.6876	2.7167	1.919	0.986	3
-0.2	9.25	1.6657530069	1.6909	3.6848	2.6598	1.83	0.885	3
-0.2	9.25	1.6662242413	1.7433	3.6816	2.5947	1.73	0.77	3
-0.2	9.25	1.6666400433	1.7907	3.6786	2.5355	1.641	0.668	3
-0.2	9.25	1.6670008898	1.8327	3.6759	2.4828	1.564	0.578	3
-0.2	9.25	1.6673554182	1.8755	3.6731	2.4291	1.49	0.487	3
-0.2	9.25	1.6676934958	1.9166	3.6704	2.3771	1.42	0.4	3
-0.2	9.25	1.6680514812	1.9603	3.6675	2.3218	1.346	0.308	3
-0.2	9.25	1.6684060097	2.0031	3.6646	2.2674	1.276	0.219	3
-0.2	9.25	1.6688177586	2.0509	3.6613	2.2066	1.198	0.12	3
-0.2	9.25	1.6694760323	2.1044	3.6576	2.1384	1.113	0.012	3
-0.2	9.25	1.6696392298	2.1129	3.657	2.1275	1.099	-0.005	3
-0.2	9.25	1.6701120138	2.0628	3.6607	2.1927	1.176	0.094	3
-0.2	9.25	1.6703065634	2.0107	3.6645	2.2599	1.259	0.201	3
-0.2	9.25	1.6704384089	1.9648	3.6677	2.3188	1.333	0.295	3
-0.2	9.25	1.6705589294	1.9203	3.6708	2.3757	1.406	0.388	3
-0.2	9.25	1.6706893444	1.8742	3.674	2.4348	1.483	0.485	3
-0.2	9.25	1.6708557606	1.8238	3.6774	2.4989	1.569	0.591	3
-0.2	9.25	1.6710277796	1.787	3.68	2.5458	1.636	0.669	3
-0.2	9.25	1.6711460352	1.8012	3.679	2.528	1.61	0.639	3
-0.2	9.25	1.6715807915	1.8505	3.6758	2.4658	1.522	0.534	3
-0.2	9.25	1.6720266342	1.8926	3.673	2.4127	1.449	0.444	3
-0.2	9.25	1.6724892855	1.9342	3.6703	2.3602	1.378	0.356	3
-0.2	9.25	1.6729718447	1.9764	3.6675	2.3069	1.308	0.268	3
-0.2	9.25	1.6734392643	2.0172	3.6647	2.255	1.241	0.183	3
-0.2	9.25	1.6739046574	2.0585	3.6618	2.2025	1.173	0.098	3
-0.2	9.25	1.6743481159	2.0987	3.659	2.1512	1.109	0.016	3
-0.2	9.25	1.6747711897	2.138	3.6563	2.1011	1.047	-0.063	3
-0.2	9.25	1.675190568	2.1782	3.6534	2.0495	0.985	-0.144	3
-0.2	9.25	1.6755805016	2.2169	3.6506	1.9997	0.926	-0.221	3
-0.2	9.25	1.6759548187	2.2556	3.6479	1.95	0.871	-0.296	3
-0.2	9.25	1.6763145924	2.2946	3.645	1.8998	0.818	-0.37	3
-0.2	9.25	1.6766529083	2.3329	3.6422	1.8503	0.765	-0.443	3
-0.2	9.25	1.6769692898	2.3704	3.6394	1.8016	0.715	-0.514	3
-0.2	9.25	1.6772686243	2.4076	3.6366	1.7534	0.668	-0.582	3
-0.2	9.25	1.6775527	2.4449	3.6338	1.7051	0.619	-0.651	3
-0.2	9.25	1.6778211594	2.4821	3.631	1.6566	0.572	-0.719	3
-0.2	9.25	1.678071022	2.5184	3.6282	1.6091	0.527	-0.784	3
-0.2	9.25	1.6783074141	2.5546	3.6255	1.5621	0.483	-0.848	3
-0.2	9.25	1.678532362	2.5907	3.6228	1.5152	0.439	-0.912	3
-0.2	9.25	1.6787904501	2.6349	3.6192	1.457	0.387	-0.988	3
-0.2	9.25	1.6790287495	2.6784	3.6158	1.3998	0.335	-1.06	3
-0.2	9.25	1.6792104244	2.7138	3.613	1.3534	0.293	-1.12	3
-0.2	9.25	1.6794176102	2.7563	3.6097	1.2976	0.243	-1.191	3
-0.2	9.25	1.679610014	2.7983	3.6063	1.2421	0.198	-1.256	3
-0.2	9.25	1.6797573566	2.8322	3.6035	1.197	0.163	-1.308	3
-0.2	9.25	1.679926157	2.8733	3.6001	1.1423	0.12	-1.371	3
-0.2	9.25	1.6800825596	2.9138	3.5968	1.0887	0.08	-1.43	3
-0.2	9.25	1.6802273989	2.9535	3.5936	1.036	0.042	-1.486	3
-0.2	9.25	1.6803621054	2.9926	3.5902	0.9833	0.01	-1.539	3
-0.2	9.25	1.6804893017	3.0316	3.5867	0.9307	-0.013	-1.586	3
-0.2	9.25	1.6806060076	3.0692	3.5834	0.8796	-0.033	-1.631	3
-0.2	9.25	1.6807140112	3.1059	3.5801	0.8297	-0.052	-1.676	3
-0.2	9.25	1.6808162928	3.142	3.5768	0.7804	-0.067	-1.71	3
-0.2	9.25	1.680913806	3.1776	3.5735	0.7317	-0.081	-1.744	3
-0.2	9.25	1.6809530258	3.1919	3.5721	0.7118	-0.085	-1.758	4
-0.2	9.25	1.6821758747	1.7463	3.6939	2.6451	1.606	0.7	4
-0.2	9.25	1.6834481955	1.7521	3.6937	2.6386	1.594	0.687	4
-0.2	9.25	1.6845868826	1.7524	3.6939	2.6397	1.59	0.685	4
-0.2	9.25	1.685764432	1.7526	3.6942	2.6408	1.587	0.683	4
-0.2	9.25	1.6869189739	1.7531	3.6945	2.6417	1.584	0.68	4
-0.2	9.25	1.6881011724	1.7537	3.6947	2.6424	1.58	0.678	4
-0.2	9.25	1.6892989874	1.7544	3.695	2.643	1.576	0.675	4
-0.2	9.25	1.6904662848	1.7552	3.6952	2.6435	1.572	0.672	4
-0.2	9.25	1.6909748316	1.7556	3.6953	2.6437	1.57	0.67	4
-0.2	9.25	1.6911298037	1.7557	3.6953	2.6437	1.57	0.67	4
-0.2	9.25	1.6924443245	1.7569	3.6955	2.6437	1.565	0.666	4
-0.2	9.25	1.693770051	1.7583	3.6957	2.6434	1.559	0.661	4
-0.2	9.25	1.695016861	1.7597	3.6959	2.6432	1.554	0.657	4
-0.2	9.25	1.6963095665	1.7611	3.6961	2.6428	1.549	0.653	4
-0.2	9.25	1.6977056265	1.7628	3.6963	2.6422	1.543	0.647	4
-0.2	9.25	1.6990544796	1.7646	3.6965	2.6415	1.537	0.642	4
-0.2	9.25	1.6996705532	1.7654	3.6966	2.6411	1.534	0.64	4
-0.2	9.25	1.7003866434	1.7664	3.6966	2.6406	1.531	0.637	4
-0.2	9.25	1.7017068863	1.7684	3.6968	2.6395	1.525	0.631	4
-0.2	9.25	1.7030739784	1.7705	3.6969	2.6382	1.519	0.626	4
-0.2	9.25	1.7043753862	1.7726	3.6969	2.6367	1.513	0.62	4
-0.2	9.25	1.7056767941	1.7748	3.697	2.635	1.507	0.614	4
-0.2	9.25	1.7069936991	1.7772	3.697	2.6331	1.5	0.608	4
-0.2	9.25	1.7083070278	1.7797	3.6971	2.631	1.494	0.602	4
-0.2	9.25	1.7094275951	1.7819	3.697	2.6291	1.489	0.596	4
-0.2	9.25	1.7096076012	1.7823	3.697	2.6287	1.488	0.595	4
-0.2	9.25	1.710870862	1.7851	3.697	2.626	1.481	0.589	4
-0.2	9.25	1.7120980024	1.788	3.6969	2.6229	1.475	0.582	4
-0.2	9.25	1.7133389711	1.7913	3.6967	2.6193	1.468	0.574	4
-0.2	9.25	1.7145758867	1.7949	3.6965	2.6152	1.461	0.566	4
-0.2	9.25	1.7158344984	1.7989	3.6962	2.6104	1.453	0.557	4
-0.2	9.25	1.717087388	1.8036	3.6959	2.6046	1.445	0.547	4
-0.2	9.25	1.7183147669	1.8091	3.6954	2.5976	1.435	0.535	4
-0.2	9.25	1.7195557356	1.8148	3.6949	2.5901	1.426	0.523	4
-0.2	9.25	1.7207986116	1.8193	3.6946	2.5848	1.417	0.514	4
-0.2	9.25	1.7220430374	1.8317	3.6933	2.5676	1.397	0.488	4
-0.2	9.25	1.7233144045	1.8575	3.6907	2.5315	1.357	0.436	4
-0.2	9.25	1.7242337465	1.8964	3.6869	2.4777	1.297	0.358	4
-0.2	9.25	1.7246482372	1.9382	3.683	2.4205	1.234	0.273	4
-0.2	9.25	1.7248293161	1.9788	3.6794	2.3656	1.171	0.189	4
-0.2	9.25	1.7249127626	2.0198	3.6759	2.3106	1.109	0.107	4
-0.2	9.25	1.7249519825	2.0569	3.6728	2.2611	1.053	0.032	4
-0.2	9.25	1.7249758244	2.0902	3.6701	2.2168	1.002	-0.036	5
-0.2	9.25	1.724976778	2.0916	3.6699	2.2149	1.0	-0.038	7
-0.2	9.25	1.7249770164	2.0922	3.6699	2.2142	0.999	-0.04	7
-0.2	9.25	1.7250000238	2.1371	3.6662	2.1546	0.931	-0.129	7
-0.2	9.25	1.7250237465	2.1837	3.6625	2.093	0.861	-0.222	7
-0.2	9.25	1.7250885963	2.2187	3.6597	2.047	0.808	-0.292	7
-0.2	9.25	1.7252757549	2.1518	3.6652	2.1358	0.908	-0.159	7
-0.2	9.25	1.7264344692	2.1507	3.6653	2.1375	0.909	-0.157	7
-0.2	9.25	1.7270393372	2.1816	3.6627	2.0967	0.863	-0.218	7
-0.2	9.25	1.7274978161	2.2168	3.6599	2.0501	0.811	-0.289	7
-0.2	9.25	1.7278782129	2.253	3.657	2.0023	0.759	-0.358	7
-0.2	9.25	1.7282044888	2.2899	3.654	1.9535	0.71	-0.429	7
-0.2	9.25	1.7284921408	2.3281	3.6509	1.9031	0.659	-0.502	7
-0.2	9.25	1.728744626	2.3668	3.6477	1.8518	0.61	-0.573	7
-0.2	9.25	1.7289677858	2.4055	3.6446	1.8005	0.561	-0.645	7
-0.2	9.25	1.7291696072	2.4447	3.6414	1.7485	0.512	-0.717	7
-0.2	9.25	1.7293525934	2.4844	3.6381	1.6959	0.464	-0.788	7
-0.2	9.25	1.7295166254	2.5227	3.6349	1.645	0.418	-0.856	7
-0.2	9.25	1.7296710014	2.5601	3.6319	1.5953	0.374	-0.922	7
-0.2	9.25	1.7298220396	2.5982	3.6287	1.5448	0.33	-0.989	7
-0.2	9.25	1.7299711704	2.6374	3.6255	1.4925	0.286	-1.056	7
-0.2	9.25	1.7301185131	2.6793	3.622	1.4368	0.237	-1.127	7
-0.2	9.25	1.7302587032	2.7274	3.618	1.3725	0.183	-1.207	7
-0.2	9.25	1.7303733826	2.7845	3.6131	1.2962	0.121	-1.298	7
-0.2	9.25	1.730448246	2.8374	3.6086	1.2252	0.065	-1.382	7
-0.2	9.25	1.7305034399	2.8829	3.6047	1.1641	0.021	-1.45	7
-0.2	9.25	1.7305532694	2.9267	3.6009	1.105	-0.021	-1.515	7
-0.2	9.25	1.7305989265	2.968	3.5972	1.0492	-0.058	-1.571	7
-0.2	9.25	1.7306408882	3.0074	3.5938	0.9959	-0.091	-1.624	7
-0.2	9.25	1.7306797504	3.0433	3.5906	0.9472	-0.113	-1.673	7
-0.2	9.25	1.7307225466	3.0801	3.5872	0.897	-0.132	-1.716	7
-0.2	9.25	1.7307702303	3.1174	3.5837	0.8458	-0.149	-1.759	7
-0.2	9.25	1.7308157682	3.1594	3.5797	0.7877	-0.167	-1.807	7
-0.2	9.25	1.730825901	3.1933	3.5764	0.7404	-0.176	-1.835	7
-0.2	9.25	1.7308312654	3.2152	3.5742	0.7099	-0.182	-1.854	7
-0.2	9.25	1.7308374643	3.2458	3.5712	0.6671	-0.19	-1.882	7
-0.2	9.25	1.7308449745	3.2661	3.5691	0.6384	-0.192	-1.896	7
-0.2	9.25	1.7308450937	3.2666	3.5686	0.6363	-0.184	-1.888	8
-0.2	9.25	1.7308452129	3.2671	3.568	0.6335	-0.173	-1.876	8
-0.2	9.25	1.7308453321	3.2677	3.5673	0.6302	-0.159	-1.863	8
-0.2	9.25	1.7308454514	3.2683	3.5667	0.6273	-0.148	-1.852	8
-0.2	9.25	1.7308484316	3.274	3.5658	0.6177	-0.141	-1.847	8
-0.2	9.25	1.730851531	3.2795	3.5652	0.6096	-0.14	-1.848	8
-0.2	9.25	1.7308545113	3.285	3.5645	0.6014	-0.138	-1.849	8
-0.2	9.25	1.7308576107	3.2904	3.5639	0.5932	-0.137	-1.85	8
-0.2	9.25	1.7308605909	3.2959	3.5632	0.585	-0.136	-1.851	8
-0.2	9.25	1.7308636904	3.3014	3.5626	0.5768	-0.135	-1.853	8
-0.2	9.25	1.7308666706	3.3069	3.5619	0.5686	-0.134	-1.854	8
-0.2	9.25	1.7308697701	3.3124	3.5613	0.5604	-0.132	-1.855	8
-0.2	9.25	1.7308727503	3.3178	3.5606	0.5522	-0.131	-1.857	8
-0.2	9.25	1.7308758497	3.3233	3.56	0.5441	-0.131	-1.859	8
-0.2	9.25	1.73087883	3.3288	3.5594	0.5359	-0.127	-1.856	8
-0.2	9.25	1.7308819294	3.3343	3.5587	0.5277	-0.124	-1.853	8
-0.2	9.25	1.7308849096	3.3397	3.5581	0.5195	-0.121	-1.851	8
-0.2	9.25	1.7308878899	3.3452	3.5574	0.5113	-0.118	-1.848	8
-0.2	9.25	1.7308909893	3.3507	3.5568	0.5031	-0.115	-1.846	8
-0.2	9.25	1.7308939695	3.3562	3.5561	0.4949	-0.113	-1.843	8
-0.2	9.25	1.730897069	3.3616	3.5555	0.4868	-0.111	-1.84	8
-0.2	9.25	1.7309000492	3.3671	3.5549	0.4786	-0.11	-1.837	8
-0.2	9.25	1.7309031487	3.3726	3.5542	0.4704	-0.108	-1.834	8
-0.2	9.25	1.7309061289	3.3781	3.5536	0.4622	-0.106	-1.831	8
-0.2	9.25	1.7309092283	3.3835	3.5529	0.454	-0.105	-1.828	8
-0.2	9.25	1.7309122086	3.389	3.5523	0.4458	-0.103	-1.826	8
-0.2	9.25	1.730915308	3.3945	3.5516	0.4376	-0.101	-1.823	8
-0.2	9.25	1.7309182882	3.4	3.551	0.4295	-0.1	-1.82	8
-0.2	9.25	1.7309213877	3.4054	3.5504	0.4213	-0.098	-1.817	8
-0.2	9.25	1.7309243679	3.4109	3.5497	0.4131	-0.095	-1.812	8
-0.2	9.25	1.730927825	3.4139	3.5493	0.4084	-0.091	-1.807	8
-0.2	9.25	1.730931282	3.4168	3.5489	0.4037	-0.087	-1.801	8
-0.2	9.25	1.7309347391	3.4198	3.5486	0.399	-0.083	-1.796	8
-0.2	9.25	1.7309381962	3.4227	3.5482	0.3943	-0.08	-1.79	8
-0.2	9.25	1.7309416533	3.4257	3.5478	0.3896	-0.076	-1.785	8
-0.2	9.25	1.7309451103	3.4287	3.5474	0.385	-0.072	-1.779	8
-0.2	9.25	1.7309486866	3.4316	3.547	0.3803	-0.068	-1.774	8
-0.2	9.25	1.7309521437	3.4346	3.5467	0.3756	-0.065	-1.768	8
-0.2	9.25	1.7309556007	3.4375	3.5463	0.3709	-0.061	-1.763	8
-0.2	9.25	1.7309590578	3.4405	3.5459	0.3662	-0.057	-1.757	8
-0.2	9.25	1.7309625149	3.4434	3.5455	0.3615	-0.053	-1.752	8
-0.2	9.25	1.7309659719	3.4464	3.5451	0.3568	-0.05	-1.747	8
-0.2	9.25	1.730969429	3.4493	3.5447	0.3521	-0.046	-1.741	8
-0.2	9.25	1.7309728861	3.4523	3.5444	0.3474	-0.042	-1.736	8
-0.2	9.25	1.7309763432	3.4553	3.544	0.3428	-0.039	-1.731	8
-0.2	9.25	1.7309798002	3.4582	3.5436	0.3381	-0.035	-1.725	8
-0.2	9.25	1.7309832573	3.4612	3.5432	0.3334	-0.031	-1.72	8
-0.2	9.25	1.7309867144	3.4641	3.5428	0.3287	-0.028	-1.715	8
-0.2	9.25	1.7309901714	3.4671	3.5425	0.324	-0.024	-1.71	8
-0.2	9.25	1.7309937477	3.47	3.5421	0.3193	-0.021	-1.704	8
-0.2	9.25	1.7309972048	3.473	3.5417	0.3146	-0.017	-1.699	8
-0.2	9.25	1.7310006618	3.4759	3.5413	0.3099	-0.014	-1.694	8
-0.2	9.25	1.7310041189	3.4789	3.5409	0.3052	-0.01	-1.689	8
-0.2	9.25	1.731007576	3.4819	3.5405	0.3006	-0.007	-1.684	8
-0.2	9.25	1.7310110331	3.4848	3.5402	0.2959	-0.003	-1.678	8
-0.2	9.25	1.7310144901	3.4878	3.5398	0.2912	0.002	-1.671	8
-0.2	9.25	1.7310186625	3.4906	3.5394	0.2863	0.01	-1.661	8
-0.2	9.25	1.7310227156	3.4935	3.539	0.2815	0.018	-1.65	8
-0.2	9.25	1.7310268879	3.4964	3.5386	0.2767	0.025	-1.64	8
-0.2	9.25	1.731030941	3.4992	3.5382	0.2718	0.033	-1.629	8
-0.2	9.25	1.7310351133	3.5021	3.5378	0.267	0.041	-1.619	8
-0.2	9.25	1.7310392857	3.505	3.5373	0.2622	0.048	-1.609	8
-0.2	9.25	1.7310433388	3.5078	3.5369	0.2574	0.056	-1.598	8
-0.2	9.25	1.7310475111	3.5107	3.5365	0.2525	0.063	-1.588	8
-0.2	9.25	1.7310516834	3.5136	3.5361	0.2477	0.071	-1.578	8
-0.2	9.25	1.7310557365	3.5164	3.5357	0.2429	0.078	-1.568	8
-0.2	9.25	1.7310599089	3.5193	3.5353	0.238	0.086	-1.558	8
-0.2	9.25	1.731063962	3.5222	3.5349	0.2332	0.093	-1.548	8
-0.2	9.25	1.7310681343	3.525	3.5345	0.2284	0.101	-1.537	8
-0.2	9.25	1.7310723066	3.5279	3.5341	0.2235	0.108	-1.527	8
-0.2	9.25	1.7310763597	3.5308	3.5337	0.2187	0.115	-1.517	8
-0.2	9.25	1.7310805321	3.5337	3.5333	0.2139	0.123	-1.507	8
-0.2	9.25	1.7310845852	3.5365	3.5329	0.209	0.13	-1.497	8
-0.2	9.25	1.7310887575	3.5394	3.5325	0.2042	0.137	-1.487	8
-0.2	9.25	1.7310929298	3.5423	3.5321	0.1994	0.145	-1.477	8
-0.2	9.25	1.731096983	3.5451	3.5317	0.1945	0.152	-1.468	8
-0.2	9.25	1.7311011553	3.548	3.5313	0.1897	0.159	-1.458	8
-0.2	9.25	1.7311053276	3.5509	3.5308	0.1848	0.166	-1.448	8
-0.2	9.25	1.7311093807	3.5537	3.5304	0.18	0.173	-1.438	8
-0.2	9.25	1.731113553	3.5566	3.53	0.1752	0.18	-1.428	8
-0.2	9.25	1.7311176062	3.5595	3.5296	0.1703	0.195	-1.41	8
-0.2	9.25	1.7311217785	3.5623	3.5292	0.1655	0.21	-1.392	8
-0.2	9.25	1.73112607	3.5647	3.5288	0.1611	0.225	-1.373	8
-0.2	9.25	1.7311303616	3.5671	3.5284	0.1566	0.24	-1.354	8
-0.2	9.25	1.7311346531	3.5695	3.528	0.1522	0.256	-1.336	8
-0.2	9.25	1.7311389446	3.5719	3.5277	0.1478	0.271	-1.317	8
-0.2	9.25	1.7311432362	3.5743	3.5273	0.1434	0.286	-1.298	8
-0.2	9.25	1.7311475277	3.5767	3.5269	0.1389	0.302	-1.279	8
-0.2	9.25	1.7311518192	3.5791	3.5265	0.1345	0.317	-1.261	8
-0.2	9.25	1.7311561108	3.5815	3.5261	0.1301	0.332	-1.242	8
-0.2	9.25	1.7311604023	3.5839	3.5257	0.1256	0.348	-1.223	8
-0.2	9.25	1.7311646938	3.5863	3.5253	0.1212	0.363	-1.204	8
-0.2	9.25	1.7311689854	3.5887	3.5249	0.1168	0.378	-1.186	8
-0.2	9.25	1.7311732769	3.5911	3.5245	0.1123	0.394	-1.167	8
-0.2	9.25	1.7311775684	3.5935	3.5241	0.1079	0.409	-1.148	8
-0.2	9.25	1.73118186	3.5959	3.5237	0.1035	0.424	-1.129	8
-0.2	9.25	1.7311861515	3.5983	3.5234	0.099	0.44	-1.11	8
-0.2	9.25	1.731190443	3.6007	3.523	0.0946	0.455	-1.092	8
-0.2	9.25	1.7311947346	3.603	3.5226	0.0902	0.47	-1.073	8
-0.2	9.25	1.7311990261	3.6054	3.5222	0.0857	0.485	-1.054	8
-0.2	9.25	1.7312033176	3.6078	3.5218	0.0813	0.501	-1.035	8
-0.2	9.25	1.7312076092	3.6102	3.5214	0.0769	0.516	-1.017	8
-0.2	9.25	1.7312119007	3.6126	3.521	0.0724	0.531	-0.998	8
-0.2	9.25	1.7312161922	3.615	3.5206	0.068	0.547	-0.979	8
-0.2	9.25	1.7312204838	3.6174	3.5202	0.0636	0.562	-0.96	8
-0.2	9.25	1.7312247753	3.6198	3.5198	0.0591	0.577	-0.944	8
-0.2	9.25	1.7312290668	3.6222	3.5194	0.0547	0.591	-0.931	8
-0.2	9.25	1.7312333584	3.6246	3.5191	0.0502	0.605	-0.918	8
-0.2	9.25	1.7312364578	3.6259	3.5188	0.0475	0.614	-0.909	8
-0.2	9.25	1.7312395573	3.6272	3.5186	0.0447	0.624	-0.899	8
-0.2	9.25	1.7312426567	3.6286	3.5183	0.0419	0.634	-0.89	8
-0.2	9.25	1.7312457561	3.6299	3.518	0.0391	0.643	-0.881	8
-0.2	9.25	1.7312489748	3.6312	3.5178	0.0363	0.653	-0.872	8
-0.2	9.25	1.7312520742	3.6325	3.5175	0.0336	0.663	-0.863	8
-0.2	9.25	1.7312551737	3.6338	3.5173	0.0308	0.673	-0.854	8
-0.2	9.25	1.7312582731	3.6351	3.517	0.028	0.683	-0.844	8
-0.2	9.25	1.7312613726	3.6365	3.5168	0.0252	0.692	-0.835	8
-0.2	9.25	1.731264472	3.6378	3.5165	0.0224	0.702	-0.826	8
-0.2	9.25	1.7312675714	3.6391	3.5163	0.0197	0.712	-0.816	8
-0.2	9.25	1.7312706709	3.6404	3.516	0.0169	0.722	-0.807	8
-0.2	9.25	1.7312738895	3.6417	3.5158	0.0141	0.732	-0.798	8
-0.2	9.25	1.731276989	3.643	3.5155	0.0113	0.742	-0.788	8
-0.2	9.25	1.7312800884	3.6444	3.5153	0.0085	0.752	-0.779	8
-0.2	9.25	1.7312831879	3.6457	3.515	0.0058	0.762	-0.769	8
-0.2	9.25	1.7312862873	3.647	3.5148	0.003	0.772	-0.76	8
-0.2	9.25	1.7312893867	3.6483	3.5145	0.0002	0.782	-0.751	8
-0.2	9.25	1.7312924862	3.6496	3.5143	-0.0026	0.791	-0.74	8
-0.2	9.25	1.7312955856	3.651	3.514	-0.0054	0.8	-0.729	8
-0.2	9.25	1.7312986851	3.6523	3.5138	-0.0082	0.809	-0.718	8
-0.2	9.25	1.7313019037	3.6536	3.5135	-0.011	0.818	-0.708	8
-0.2	9.25	1.7313050032	3.6549	3.5133	-0.0138	0.827	-0.697	8
-0.2	9.25	1.7313081026	3.6562	3.513	-0.0165	0.836	-0.686	8
-0.2	9.25	1.731311202	3.6575	3.5128	-0.0193	0.845	-0.676	8
-0.2	9.25	1.7313143015	3.6589	3.5125	-0.0221	0.854	-0.665	8
-0.2	9.25	1.7313172817	3.66	3.5123	-0.0248	0.863	-0.655	8
-0.2	9.25	1.731320262	3.6612	3.512	-0.0276	0.872	-0.644	8
-0.2	9.25	1.7313232422	3.6624	3.5118	-0.0303	0.881	-0.633	8
-0.2	9.25	1.7313262224	3.6635	3.5115	-0.033	0.89	-0.623	8
-0.2	9.25	1.7313293219	3.6647	3.5113	-0.0357	0.899	-0.612	8
-0.2	9.25	1.7313323021	3.6659	3.511	-0.0384	0.907	-0.602	8
-0.2	9.25	1.7313352823	3.6671	3.5108	-0.0412	0.916	-0.591	8
-0.2	9.25	1.7313382626	3.6682	3.5105	-0.0439	0.925	-0.581	8
-0.2	9.25	1.7313412428	3.6694	3.5103	-0.0466	0.934	-0.571	8
-0.2	9.25	1.731344223	3.6706	3.51	-0.0493	0.943	-0.56	8
-0.2	9.25	1.7313472033	3.6718	3.5098	-0.0521	0.952	-0.549	8
-0.2	9.25	1.7313501835	3.6729	3.5095	-0.0548	0.961	-0.538	8
-0.2	9.25	1.7313532829	3.6741	3.5093	-0.0575	0.969	-0.527	8
-0.2	9.25	1.7313562632	3.6753	3.509	-0.0603	0.978	-0.516	8
-0.2	9.25	1.7313592434	3.6764	3.5088	-0.063	0.987	-0.505	8
-0.2	9.25	1.7313622236	3.6776	3.5085	-0.0657	0.996	-0.495	8
-0.2	9.25	1.7313652039	3.6788	3.5083	-0.0684	1.005	-0.484	8
-0.2	9.25	1.7313681841	3.68	3.508	-0.0712	1.013	-0.473	8
-0.2	9.25	1.7313711643	3.6811	3.5078	-0.0739	1.022	-0.463	8
-0.2	9.25	1.7313741446	3.6823	3.5075	-0.0766	1.03	-0.452	8
-0.2	9.25	1.7313771248	3.6835	3.5073	-0.0794	1.039	-0.442	8
-0.2	9.25	1.7313802242	3.6846	3.507	-0.0821	1.047	-0.431	8
-0.2	9.25	1.7313832045	3.6858	3.5068	-0.0848	1.056	-0.421	8
-0.2	9.25	1.7313861847	3.687	3.5065	-0.0876	1.064	-0.41	8
-0.2	9.25	1.7313891649	3.6882	3.5063	-0.0903	1.072	-0.4	8
-0.2	9.25	1.7313921452	3.6893	3.506	-0.093	1.081	-0.39	8
-0.2	9.25	1.731394887	3.6906	3.5058	-0.096	1.089	-0.379	8
-0.2	9.25	1.7313976288	3.6918	3.5055	-0.0989	1.098	-0.369	8
-0.2	9.25	1.7314003706	3.693	3.5052	-0.1018	1.106	-0.358	8
-0.2	9.25	1.7314031124	3.6943	3.505	-0.1047	1.114	-0.348	8
-0.2	9.25	1.7314058542	3.6955	3.5047	-0.1077	1.123	-0.337	8
-0.2	9.25	1.731408596	3.6968	3.5045	-0.1106	1.131	-0.327	8
-0.2	9.25	1.7314114571	3.698	3.5042	-0.1135	1.139	-0.317	8
-0.2	9.25	1.7314141989	3.6992	3.5039	-0.1164	1.147	-0.306	8
-0.2	9.25	1.7314169407	3.7005	3.5037	-0.1194	1.155	-0.296	8
-0.2	9.25	1.7314196825	3.7017	3.5034	-0.1223	1.163	-0.286	8
-0.2	9.25	1.7314224243	3.7029	3.5031	-0.1252	1.171	-0.276	8
-0.2	9.25	1.7314251661	3.7042	3.5029	-0.1282	1.179	-0.266	8
-0.2	9.25	1.7314279079	3.7054	3.5026	-0.1311	1.187	-0.256	8
-0.2	9.25	1.7314306498	3.7066	3.5024	-0.134	1.194	-0.247	8
-0.2	9.25	1.7314333916	3.7079	3.5021	-0.137	1.202	-0.237	8
-0.2	9.25	1.7314361334	3.7091	3.5018	-0.1399	1.21	-0.227	8
-0.2	9.25	1.7314388752	3.7103	3.5016	-0.1428	1.217	-0.218	8
-0.2	9.25	1.731441617	3.7116	3.5013	-0.1458	1.225	-0.208	8
-0.2	9.25	1.7314443588	3.7128	3.501	-0.1487	1.232	-0.199	8
-0.2	9.25	1.7314472198	3.7141	3.5008	-0.1517	1.239	-0.189	8
-0.2	9.25	1.7314499617	3.7153	3.5005	-0.1546	1.247	-0.18	8
-0.2	9.25	1.7314527035	3.7165	3.5003	-0.1575	1.254	-0.171	8
-0.2	9.25	1.7314554453	3.7178	3.5	-0.1605	1.261	-0.161	8
-0.2	9.25	1.7314581871	3.719	3.4997	-0.1634	1.267	-0.152	8
-0.2	9.25	1.7314609289	3.7202	3.4995	-0.1664	1.274	-0.143	8
-0.2	9.25	1.7314636707	3.7215	3.4992	-0.1693	1.28	-0.133	8
-0.2	9.25	1.7314662933	3.7227	3.499	-0.1723	1.285	-0.126	8
-0.2	9.25	1.7314689159	3.724	3.4987	-0.1753	1.29	-0.118	8
-0.2	9.25	1.7314715385	3.7252	3.4985	-0.1782	1.295	-0.111	8
-0.2	9.25	1.7314741611	3.7265	3.4983	-0.1812	1.3	-0.103	8
-0.2	9.25	1.7314767838	3.7277	3.498	-0.1842	1.305	-0.096	8
-0.2	9.25	1.7314794064	3.729	3.4978	-0.1872	1.309	-0.088	8
-0.2	9.25	1.731482029	3.7302	3.4976	-0.1901	1.314	-0.081	8
-0.2	9.25	1.7314846516	3.7315	3.4973	-0.1931	1.318	-0.074	8
-0.2	9.25	1.7314872742	3.7327	3.4971	-0.1961	1.323	-0.067	8
-0.2	9.25	1.7314898968	3.734	3.4969	-0.1991	1.327	-0.06	8
-0.2	9.25	1.7314925194	3.7352	3.4967	-0.2021	1.331	-0.053	8
-0.2	9.25	1.731495142	3.7365	3.4964	-0.205	1.336	-0.046	8
-0.2	9.25	1.7314977646	3.7377	3.4962	-0.208	1.34	-0.039	8
-0.2	9.25	1.7315003872	3.739	3.496	-0.211	1.344	-0.032	8
-0.2	9.25	1.7315030098	3.7402	3.4957	-0.214	1.348	-0.025	8
-0.2	9.25	1.7315056324	3.7415	3.4955	-0.217	1.352	-0.019	8
-0.2	9.25	1.731508255	3.7427	3.4953	-0.22	1.356	-0.012	8
-0.2	9.25	1.7315108776	3.744	3.495	-0.223	1.36	-0.006	8
-0.2	9.25	1.7315135002	3.7452	3.4948	-0.226	1.364	0.001	8
-0.2	9.25	1.7315161228	3.7465	3.4946	-0.229	1.367	0.007	8
-0.2	9.25	1.7315187454	3.7477	3.4943	-0.232	1.371	0.014	8
-0.2	9.25	1.731521368	3.749	3.4941	-0.235	1.375	0.02	8
-0.2	9.25	1.7315239906	3.7502	3.4939	-0.238	1.378	0.026	8
-0.2	9.25	1.7315266132	3.7515	3.4936	-0.241	1.382	0.032	8
-0.2	9.25	1.7315292358	3.7527	3.4934	-0.244	1.385	0.038	8
-0.2	9.25	1.7315318584	3.754	3.4932	-0.247	1.388	0.044	8
-0.2	9.25	1.7315342426	3.7552	3.493	-0.2499	1.39	0.048	8
-0.2	9.25	1.7315366268	3.7563	3.4928	-0.2527	1.392	0.053	8
-0.2	9.25	1.731539011	3.7575	3.4926	-0.2556	1.393	0.057	8
-0.2	9.25	1.7315413952	3.7586	3.4924	-0.2585	1.395	0.061	8
-0.2	9.25	1.7315436602	3.7598	3.4922	-0.2614	1.397	0.065	8
-0.2	9.25	1.7315460443	3.761	3.492	-0.2643	1.398	0.068	8
-0.2	9.25	1.7315484285	3.7621	3.4919	-0.2672	1.4	0.072	8
-0.2	9.25	1.7315508127	3.7633	3.4917	-0.2701	1.401	0.076	8
-0.2	9.25	1.7315531969	3.7645	3.4915	-0.273	1.402	0.08	8
-0.2	9.25	1.7315555811	3.7656	3.4913	-0.2759	1.404	0.084	8
-0.2	9.25	1.7315579653	3.7668	3.4911	-0.2788	1.405	0.087	8
-0.2	9.25	1.7315603495	3.768	3.4909	-0.2817	1.406	0.091	8
-0.2	9.25	1.7315626144	3.7691	3.4907	-0.2846	1.407	0.094	8
-0.2	9.25	1.7315649986	3.7703	3.4905	-0.2875	1.408	0.098	8
-0.2	9.25	1.7315673828	3.7715	3.4904	-0.2904	1.409	0.101	8
-0.2	9.25	1.731569767	3.7726	3.4902	-0.2933	1.41	0.105	8
-0.2	9.25	1.7315721512	3.7738	3.49	-0.2962	1.411	0.107	8
-0.2	9.25	1.7315745354	3.7749	3.4898	-0.2991	1.408	0.106	8
-0.2	9.25	1.7315769196	3.7761	3.4896	-0.302	1.406	0.104	8
-0.2	9.25	1.7315793037	3.7773	3.4894	-0.305	1.404	0.103	8
-0.2	9.25	1.7315816879	3.7784	3.4892	-0.3079	1.401	0.101	8
-0.2	9.25	1.7315839529	3.7796	3.489	-0.3108	1.399	0.1	8
-0.2	9.25	1.7315863371	3.7808	3.4889	-0.3137	1.396	0.098	8
-0.2	9.25	1.7315887213	3.7819	3.4887	-0.3167	1.394	0.096	8
-0.2	9.25	1.7315911055	3.7831	3.4885	-0.3196	1.391	0.094	8
-0.2	9.25	1.7315934896	3.7843	3.4883	-0.3225	1.388	0.093	8
-0.2	9.25	1.7315957546	3.7854	3.4873	-0.3305	1.396	0.101	8
-0.2	9.25	1.7315979004	3.7864	3.4864	-0.3386	1.404	0.109	8
-0.2	9.25	1.7316001654	3.7875	3.4854	-0.3466	1.411	0.116	8
-0.2	9.25	1.7316023111	3.7886	3.4844	-0.3547	1.417	0.123	8
-0.2	9.25	1.7316045761	3.7897	3.4835	-0.3628	1.423	0.13	8
-0.2	9.25	1.7316067219	3.7908	3.4825	-0.3709	1.429	0.135	8
-0.2	9.25	1.7316089869	3.7919	3.4815	-0.3791	1.433	0.14	8
-0.2	9.25	1.7316111326	3.793	3.4806	-0.3872	1.438	0.145	8
-0.2	9.25	1.7316133976	3.7941	3.4796	-0.3954	1.44	0.148	8
-0.2	9.25	1.7316155434	3.7952	3.4786	-0.4036	1.44	0.151	8
-0.2	9.25	1.7316178083	3.7963	3.4777	-0.4119	1.439	0.152	8
-0.2	9.25	1.7316199541	3.7974	3.4767	-0.4201	1.439	0.154	8
-0.2	9.25	1.7316222191	3.7985	3.4757	-0.4284	-0.024	-2.31	8
-0.2	9.25	1.7316244841	3.7996	3.4748	-0.4368	-0.002	-2.293	8
-0.2	9.25	1.7316266298	3.8007	3.4738	-0.4451	0.019	-2.276	8
-0.2	9.25	1.7316288948	3.8018	3.4728	-0.4535	0.041	-2.259	8
-0.2	9.25	1.7316310406	3.8029	3.4719	-0.4619	0.062	-2.242	8
-0.2	9.25	1.7316333055	3.804	3.4709	-0.4703	0.083	-2.225	8
-0.2	9.25	1.7316354513	3.805	3.4699	-0.4787	0.105	-2.208	8
-0.2	9.25	1.7316377163	3.8061	3.4689	-0.4872	0.126	-2.191	8
-0.2	9.25	1.7316398621	3.8072	3.468	-0.4957	0.147	-2.174	8
-0.2	9.25	1.731642127	3.8083	3.467	-0.5043	0.164	-2.16	8
-0.2	9.25	1.7316442728	3.8094	3.466	-0.5128	0.177	-2.151	8
-0.2	9.25	1.7316465378	3.8105	3.4651	-0.5214	0.19	-2.141	8
-0.2	9.25	1.7316486835	3.8116	3.4641	-0.5301	0.203	-2.132	8
-0.2	9.25	1.7316509485	3.8127	3.4631	-0.5387	0.216	-2.122	8
-0.2	9.25	1.7316527367	3.8136	3.4674	-0.5297	0.15	-2.176	8
-0.2	9.25	1.7316544056	3.8144	3.4717	-0.5209	0.084	-2.229	8
-0.2	9.25	1.7316561937	3.8153	3.476	-0.5122	0.019	-2.282	8
-0.2	9.25	1.7316578627	3.8161	3.4803	-0.5037	-0.046	-2.335	8
-0.2	9.25	1.7316596508	3.817	3.4846	-0.4952	-0.117	-2.392	8
-0.2	9.25	1.7316614389	3.8178	3.4889	-0.487	-0.191	-2.453	8
-0.2	9.25	1.7316631079	3.8187	3.4932	-0.4788	-0.264	-2.513	8
-0.2	9.25	1.731664896	3.8196	3.4975	-0.4709	-0.33	-2.568	8
-0.2	9.25	1.7316666842	3.8204	3.5018	-0.4631	-0.392	-2.619	8
-0.2	9.25	1.7316683531	3.8213	3.5061	-0.4554	-0.48	-2.69	8
-0.2	9.25	1.7316701412	3.8221	3.5104	-0.448	-0.666	-2.843	8
-0.2	9.25	1.7316718102	3.823	3.5147	-0.4407	-0.852	-2.996	8
-0.2	9.25	1.7316735983	3.8238	3.519	-0.4337	-1.022	-3.137	8
-0.2	9.25	1.7316753864	3.8247	3.5233	-0.4268	-1.087	-3.192	8
-0.2	9.25	1.7316770554	3.8256	3.5276	-0.4201	-1.153	-3.248	8
-0.2	9.25	1.7316788435	3.8264	3.5319	-0.4137	-1.211	-3.296	8
-0.2	9.25	1.7316805124	3.8273	3.5362	-0.4075	-1.205	-3.282	8
-0.2	9.25	1.7316823006	3.8281	3.5405	-0.4015	-1.199	-3.268	8
-0.2	9.25	1.7316840887	3.829	3.5448	-0.3958	-1.206	-3.266	8
-0.2	9.25	1.7316857576	3.8298	3.5491	-0.3904	-1.274	-3.325	8
-0.2	9.25	1.7316875458	3.8307	3.5534	-0.3852	-1.343	-3.384	8
-0.2	9.25	1.7316893339	3.8315	3.5577	-0.3803	-1.41	-3.442	8
-0.2	9.25	1.7316910028	3.8324	3.562	-0.3758	-1.474	-3.498	8
-0.2	9.25	1.731692791	3.8333	3.5663	-0.3716	-1.538	-3.554	8
-0.2	9.25	1.7316944599	3.8341	3.5706	-0.3677	-1.6	-3.608	8
-0.2	9.25	1.7316962481	3.835	3.5749	-0.3642	-1.66	-3.66	8
