# File generated by 'createIsoFiles.py' on Fri Nov 24 15:30:40 2017.
# Content of file: isochrone table with t = 1.68Gyr, [Fe/H] = -1.1.
# Isochrone tables in this file have been created by
# on the basis of PARSEC isochrones.
# NOTE: templates with M < 0.1 Msun have been.
# removed (considered below LMCO).
# -----------------------------------------------------------------
# FeH	log(age/yr)	M_ini	logL/Lo	logTeff	logg	 B	 V	 stage
-1.1	9.225	0.1000000015	-2.9804	3.4855	5.3125	16.663	14.746	1
-1.1	9.225	0.1143983155	-2.7721	3.5099	5.2601	15.511	13.696	1
-1.1	9.225	0.1199999973	-2.698	3.5186	5.2414	15.124	13.354	1
-1.1	9.225	0.1400000006	-2.5165	3.5355	5.1944	14.312	12.645	1
-1.1	9.225	0.1599999964	-2.3802	3.5462	5.159	13.765	12.166	1
-1.1	9.225	0.200000003	-2.1734	3.5606	5.1071	12.991	11.482	1
-1.1	9.225	0.25	-1.9811	3.5724	5.0585	12.322	10.882	1
-1.1	9.225	0.3000000119	-1.827	3.5812	5.0187	11.804	10.416	1
-1.1	9.225	0.349999994	-1.6748	3.5881	4.9613	11.322	9.976	1
-1.1	9.225	0.400000006	-1.5315	3.5986	4.918	10.821	9.533	1
-1.1	9.225	0.421503216	-1.4578	3.6054	4.8941	10.547	9.298	1
-1.1	9.225	0.4499999881	-1.3654	3.6139	4.8641	10.207	9.006	1
-1.1	9.225	0.5	-1.1797	3.6375	4.8188	9.455	8.379	1
-1.1	9.225	0.5500000119	-0.9909	3.6663	4.7865	8.648	7.719	1
-1.1	9.225	0.6000000238	-0.8168	3.6918	4.7522	7.962	7.141	1
-1.1	9.225	0.6499999762	-0.6508	3.7175	4.7236	7.356	6.628	1
-1.1	9.225	0.6999999881	-0.494	3.7423	4.6981	6.817	6.176	1
-1.1	9.225	0.75	-0.3468	3.7652	4.6727	6.335	5.775	1
-1.1	9.225	0.7930462956	-0.2276	3.7801	4.6375	5.971	5.463	1
-1.1	9.225	0.8000000119	-0.2089	3.7825	4.6318	5.914	5.415	1
-1.1	9.225	0.8500000238	-0.0764	3.7976	4.586	5.52	5.075	1
-1.1	9.225	0.8999999762	0.0508	3.8117	4.5404	5.151	4.749	1
-1.1	9.225	0.9008238316	0.0528	3.812	4.5396	5.145	4.744	1
-1.1	9.225	0.9328635335	0.131	3.8208	4.5122	4.919	4.543	1
-1.1	9.225	0.9499999881	0.1721	3.8255	4.4975	4.8	4.437	1
-1.1	9.225	0.9762279391	0.2339	3.833	4.4774	4.62	4.276	1
-1.1	9.225	1.0	0.2892	3.8397	4.4593	4.46	4.133	1
-1.1	9.225	1.0051534176	0.301	3.8412	4.4561	4.426	4.103	1
-1.1	9.225	1.0483002663	0.3988	3.8543	4.429	4.139	3.847	1
-1.1	9.225	1.0499999523	0.4026	3.8549	4.4279	4.128	3.837	1
-1.1	9.225	1.068872571	0.4438	3.8614	4.4204	4.005	3.729	1
-1.1	9.225	1.0978467464	0.5063	3.8714	4.4096	3.82	3.565	1
-1.1	9.225	1.1000000238	0.5109	3.8721	4.4089	3.806	3.553	1
-1.1	9.225	1.1144685745	0.5412	3.8777	4.4067	3.715	3.474	1
-1.1	9.225	1.1499999762	0.6156	3.8913	4.4	3.492	3.28	1
-1.1	9.225	1.179433465	0.6761	3.9024	4.3949	3.314	3.126	1
-1.1	9.225	1.2000000477	0.7184	3.9099	4.3904	3.191	3.02	1
-1.1	9.225	1.2113097906	0.7413	3.9139	4.3874	3.126	2.964	1
-1.1	9.225	1.25	0.8198	3.9268	4.374	2.908	2.778	1
-1.1	9.225	1.2752583027	0.8705	3.9344	4.3626	2.774	2.663	1
-1.1	9.225	1.2999999523	0.9204	3.9416	4.3498	2.648	2.554	1
-1.1	9.225	1.3153463602	0.9516	3.9455	4.3393	2.571	2.486	1
-1.1	9.225	1.3427802324	1.0087	3.9507	4.3119	2.429	2.356	1
-1.1	9.225	1.3500000238	1.0238	3.9518	4.3034	2.392	2.322	1
-1.1	9.225	1.3554142714	1.0351	3.9525	4.297	2.364	2.296	1
-1.1	9.225	1.372382164	1.0707	3.9542	4.2735	2.275	2.211	1
-1.1	9.225	1.391249299	1.1108	3.9546	4.2408	2.172	2.112	1
-1.1	9.225	1.3999999762	1.1297	3.9542	4.2229	2.123	2.063	1
-1.1	9.225	1.4163651466	1.1645	3.9522	4.1855	2.03	1.969	1
-1.1	9.225	1.4331347942	1.2005	3.9486	4.14	1.932	1.868	1
-1.1	9.225	1.4484485388	1.2342	3.9428	4.0879	1.838	1.767	1
-1.1	9.225	1.4500000477	1.2376	3.9421	4.0821	1.828	1.757	1
-1.1	9.225	1.4611133337	1.2623	3.9371	4.0405	1.76	1.682	1
-1.1	9.225	1.4747220278	1.2948	3.9296	3.9824	1.672	1.583	1
-1.1	9.225	1.4853049517	1.3236	3.9254	3.9395	1.6	1.503	1
-1.1	9.225	1.4888523817	1.3396	3.9303	3.9445	1.557	1.472	1
-1.1	9.225	1.4918923378	1.3593	3.9401	3.9646	1.511	1.445	1
-1.1	9.225	1.4928379059	1.3744	3.95	3.9896	1.485	1.435	1
-1.1	9.225	1.4932895899	1.3913	3.9602	4.0136	1.46	1.425	1
-1.1	9.225	1.4935305119	1.4112	3.97	4.033	1.431	1.411	1
-1.1	9.225	1.4936820269	1.4304	3.978	4.0456	1.404	1.395	1
-1.1	9.225	1.49371171	1.4336	3.9792	4.0472	1.399	1.392	2
-1.1	9.225	1.4938061237	1.4132	3.9692	4.0279	1.424	1.403	2
-1.1	9.225	1.4938842058	1.4125	3.9586	3.9862	1.402	1.367	2
-1.1	9.225	1.4939987659	1.431	3.9474	3.9229	1.336	1.285	2
-1.1	9.225	1.49416399	1.4478	3.936	3.8604	1.28	1.212	2
-1.1	9.225	1.4943966866	1.4586	3.9242	3.8026	1.249	1.16	2
-1.1	9.225	1.4947133064	1.4659	3.9121	3.7467	1.24	1.124	2
-1.1	9.225	1.4951072931	1.4711	3.8995	3.6913	1.246	1.099	2
-1.1	9.225	1.4955400229	1.4748	3.8866	3.6364	1.266	1.087	2
-1.1	9.225	1.4959639311	1.4774	3.8739	3.5829	1.293	1.084	2
-1.1	9.225	1.4963487387	1.4787	3.8615	3.5321	1.325	1.087	2
-1.1	9.225	1.496686697	1.4791	3.8497	3.4849	1.362	1.095	2
-1.1	9.225	1.4969816208	1.4784	3.8386	3.4412	1.401	1.107	2
-1.1	9.225	1.4972424507	1.477	3.828	3.4	1.442	1.121	2
-1.1	9.225	1.4974911213	1.4745	3.8171	3.3591	1.49	1.139	2
-1.1	9.225	1.4977527857	1.4704	3.8058	3.318	1.545	1.162	2
-1.1	9.225	1.4980624914	1.4629	3.7939	3.2781	1.618	1.197	2
-1.1	9.225	1.4984152317	1.4495	3.7823	3.2453	1.712	1.252	2
-1.1	9.225	1.4988133907	1.4267	3.7708	3.2223	1.828	1.329	2
-1.1	9.225	1.499217391	1.3969	3.7608	3.212	1.953	1.419	2
-1.1	9.225	1.4996205568	1.3724	3.7517	3.2001	2.062	1.496	3
-1.1	9.225	1.5	1.3799	3.7457	3.1686	2.076	1.489	3
-1.1	9.225	1.5002077818	1.384	3.7424	3.1518	2.084	1.485	3
-1.1	9.225	1.5007051229	1.4192	3.7378	3.0981	2.022	1.407	3
-1.1	9.225	1.5012009144	1.4608	3.7344	3.0432	1.938	1.311	3
-1.1	9.225	1.5016953945	1.5044	3.7317	2.9889	1.845	1.208	3
-1.1	9.225	1.5021884441	1.548	3.7294	2.9361	1.749	1.104	3
-1.1	9.225	1.5026801825	1.5912	3.7273	2.8846	1.654	1.001	3
-1.1	9.225	1.5031706095	1.6336	3.7253	2.8345	1.56	0.9	3
-1.1	9.225	1.5037246943	1.6797	3.723	2.7794	1.459	0.79	3
-1.1	9.225	1.5043570995	1.7317	3.7206	2.7181	1.344	0.666	3
-1.1	9.225	1.504953146	1.7798	3.7182	2.6604	1.24	0.553	3
-1.1	9.225	1.5055725574	1.829	3.7158	2.602	1.133	0.437	3
-1.1	9.225	1.5062292814	1.8788	3.7133	2.542	1.027	0.32	3
-1.1	9.225	1.5068912506	1.9277	3.7108	2.4833	0.922	0.205	3
-1.1	9.225	1.5075558424	1.9765	3.7082	2.4244	0.82	0.09	3
-1.1	9.225	1.5082448721	2.0267	3.7055	2.3636	0.715	-0.027	3
-1.1	9.225	1.5089538097	2.0757	3.7028	2.304	0.614	-0.141	3
-1.1	9.225	1.5095734596	2.1217	3.7003	2.248	0.52	-0.248	3
-1.1	9.225	1.5100463629	2.1613	3.698	2.1993	0.44	-0.339	3
-1.1	9.225	1.5105640888	2.2006	3.6958	2.1514	0.361	-0.43	3
-1.1	9.225	1.5112178326	2.2392	3.6935	2.104	0.284	-0.518	3
-1.1	9.225	1.5113884211	2.2439	3.6933	2.0983	0.274	-0.529	3
-1.1	9.225	1.5119646788	2.2031	3.696	2.1501	0.353	-0.437	3
-1.1	9.225	1.5122028589	2.1582	3.6988	2.2063	0.441	-0.335	3
-1.1	9.225	1.5124342442	2.1147	3.7015	2.2607	0.527	-0.235	3
-1.1	9.225	1.5128633976	2.1588	3.6989	2.2065	0.438	-0.337	3
-1.1	9.225	1.5133588314	2.207	3.6961	2.1471	0.342	-0.447	3
-1.1	9.225	1.5138409138	2.2548	3.6933	2.0881	0.247	-0.556	3
-1.1	9.225	1.5143108368	2.3031	3.6904	2.0285	0.152	-0.667	3
-1.1	9.225	1.514749527	2.3503	3.6874	1.9694	0.063	-0.772	3
-1.1	9.225	1.5151619911	2.3972	3.6845	1.9109	-0.025	-0.877	3
-1.1	9.225	1.5155501366	2.4442	3.6815	1.8519	-0.111	-0.981	3
-1.1	9.225	1.5159090757	2.4904	3.6784	1.7936	-0.194	-1.082	3
-1.1	9.225	1.516246438	2.5367	3.6754	1.7351	-0.276	-1.183	3
-1.1	9.225	1.5165573359	2.5823	3.6723	1.6771	-0.355	-1.281	3
-1.1	9.225	1.5168546438	2.6289	3.6692	1.6181	-0.436	-1.382	3
-1.1	9.225	1.5171245337	2.6743	3.666	1.56	-0.511	-1.477	3
-1.1	9.225	1.5173764229	2.7196	3.6627	1.5017	-0.585	-1.572	3
-1.1	9.225	1.5176138878	2.7655	3.6595	1.443	-0.662	-1.668	3
-1.1	9.225	1.5178313255	2.8104	3.6562	1.3846	-0.732	-1.758	3
-1.1	9.225	1.5180352926	2.8555	3.6528	1.3261	-0.803	-1.85	3
-1.1	9.225	1.5182255507	2.9008	3.6495	1.2676	-0.874	-1.941	3
-1.1	9.225	1.5183998346	2.9452	3.6461	1.2094	-0.939	-2.027	3
-1.1	9.225	1.5185648203	2.9901	3.6426	1.1505	-1.005	-2.115	3
-1.1	9.225	1.5187205076	3.0353	3.6392	1.0916	-1.071	-2.202	3
-1.1	9.225	1.5188630819	3.0794	3.6356	1.0333	-1.131	-2.285	3
-1.1	9.225	1.5189994574	3.124	3.6321	0.9745	-1.185	-2.368	3
-1.1	9.225	1.5191236734	3.1655	3.6289	0.9199	-1.226	-2.442	4
-1.1	9.225	1.5199477673	1.8995	3.7325	2.6005	0.845	0.217	4
-1.1	9.225	1.520802021	1.9044	3.7317	2.5928	0.837	0.206	4
-1.1	9.225	1.5216714144	1.9092	3.7316	2.5878	0.826	0.194	4
-1.1	9.225	1.5225504637	1.914	3.7319	2.5845	0.812	0.182	4
-1.1	9.225	1.523438096	1.9188	3.7322	2.5813	0.798	0.169	4
-1.1	9.225	1.5243003368	1.9234	3.7326	2.5782	0.784	0.156	4
-1.1	9.225	1.5252020359	1.9284	3.7329	2.5749	0.769	0.143	4
-1.1	9.225	1.5260716677	1.9332	3.7332	2.5716	0.755	0.13	4
-1.1	9.225	1.5269315243	1.938	3.7335	2.5683	0.741	0.118	4
-1.1	9.225	1.5278367996	1.9432	3.7338	2.5647	0.726	0.104	4
-1.1	9.225	1.5287368298	1.9482	3.7341	2.5611	0.711	0.091	4
-1.1	9.225	1.5296854973	1.9536	3.7344	2.5572	0.696	0.076	4
-1.1	9.225	1.5306307077	1.959	3.7347	2.5533	0.681	0.062	4
-1.1	9.225	1.5315572023	1.9642	3.735	2.5494	0.666	0.048	4
-1.1	9.225	1.532476902	1.9694	3.7353	2.5456	0.651	0.035	4
-1.1	9.225	1.5332034826	1.9734	3.7355	2.5426	0.64	0.024	4
-1.1	9.225	1.5334131718	1.9746	3.7355	2.5417	0.636	0.021	4
-1.1	9.225	1.5342649221	1.9792	3.7357	2.5381	0.623	0.009	4
-1.1	9.225	1.535153389	1.984	3.7359	2.5344	0.61	-0.003	4
-1.1	9.225	1.5360394716	1.9888	3.7361	2.5306	0.597	-0.016	4
-1.1	9.225	1.536996007	1.9938	3.7363	2.5265	0.583	-0.029	4
-1.1	9.225	1.5379012823	1.9984	3.7364	2.5226	0.571	-0.041	4
-1.1	9.225	1.5388277769	2.0031	3.7364	2.5184	0.559	-0.052	4
-1.1	9.225	1.5397241116	2.0076	3.7364	2.5141	0.548	-0.064	4
-1.1	9.225	1.5400301218	2.0091	3.7364	2.5127	0.544	-0.067	4
-1.1	9.225	1.5406508446	2.012	3.7364	2.5098	0.537	-0.075	4
-1.1	9.225	1.5416113138	2.0165	3.7362	2.5048	0.527	-0.085	4
-1.1	9.225	1.5425502062	2.0207	3.7359	2.4998	0.518	-0.095	4
-1.1	9.225	1.5435020924	2.0249	3.7355	2.4942	0.51	-0.105	4
-1.1	9.225	1.5444526672	2.0291	3.7349	2.4879	0.503	-0.114	4
-1.1	9.225	1.5454393625	2.0334	3.7341	2.4807	0.497	-0.123	4
-1.1	9.225	1.5463941097	2.038	3.7336	2.4743	0.489	-0.133	4
-1.1	9.225	1.5473400354	2.0426	3.7329	2.4673	0.482	-0.143	4
-1.1	9.225	1.5483702421	2.0482	3.7305	2.4523	0.483	-0.152	4
-1.1	9.225	1.5493307114	2.0608	3.7261	2.4226	0.481	-0.172	4
-1.1	9.225	1.5500837564	2.0957	3.719	2.3595	0.443	-0.242	4
-1.1	9.225	1.5502628088	2.1344	3.714	2.3007	0.383	-0.324	4
-1.1	9.225	1.5503089428	2.1716	3.7102	2.2485	0.318	-0.407	5
-1.1	9.225	1.5503132343	2.177	3.7097	2.2411	0.309	-0.419	7
-1.1	9.225	1.5503134727	2.1774	3.7097	2.2406	0.308	-0.42	7
-1.1	9.225	1.5503296852	2.2141	3.7067	2.1918	0.24	-0.502	7
-1.1	9.225	1.55034554	2.2502	3.7039	2.1445	0.172	-0.583	7
-1.1	9.225	1.5503604412	2.2791	3.7017	2.107	0.117	-0.649	7
-1.1	9.225	1.5503804684	2.2754	3.7021	2.1121	0.124	-0.641	7
-1.1	9.225	1.5504268408	2.262	3.7032	2.1301	0.148	-0.611	7
-1.1	9.225	1.5504826307	2.2581	3.7035	2.1351	0.155	-0.602	7
-1.1	9.225	1.5508624315	2.2488	3.7041	2.147	0.174	-0.58	7
-1.1	9.225	1.55113554	2.2775	3.7019	2.1093	0.12	-0.645	7
-1.1	9.225	1.5513991117	2.3164	3.6989	2.0587	0.048	-0.733	7
-1.1	9.225	1.5516427755	2.3673	3.6951	1.9925	-0.046	-0.846	7
-1.1	9.225	1.5518578291	2.4129	3.6917	1.9337	-0.129	-0.947	7
-1.1	9.225	1.5520465374	2.4556	3.6886	1.8786	-0.205	-1.041	7
-1.1	9.225	1.5522130728	2.4974	3.6855	1.8245	-0.279	-1.132	7
-1.1	9.225	1.5523597002	2.5379	3.6825	1.7721	-0.349	-1.221	7
-1.1	9.225	1.552491188	2.5781	3.6796	1.7202	-0.419	-1.308	7
-1.1	9.225	1.5526074171	2.6178	3.6766	1.6686	-0.486	-1.392	7
-1.1	9.225	1.552714467	2.6586	3.6736	1.6156	-0.553	-1.479	7
-1.1	9.225	1.5528124571	2.7002	3.6704	1.5614	-0.621	-1.567	7
-1.1	9.225	1.5529000759	2.7395	3.6674	1.5101	-0.684	-1.649	7
-1.1	9.225	1.552983284	2.7788	3.6644	1.4586	-0.747	-1.729	7
-1.1	9.225	1.5530632734	2.8182	3.6613	1.4069	-0.81	-1.81	7
-1.1	9.225	1.553139925	2.8574	3.6582	1.3555	-0.87	-1.889	7
-1.1	9.225	1.5532143116	2.8962	3.6551	1.3043	-0.929	-1.966	7
-1.1	9.225	1.5532881021	2.935	3.652	1.253	-0.986	-2.042	7
-1.1	9.225	1.5533623695	2.974	3.6488	1.2013	-1.043	-2.119	7
-1.1	9.225	1.5534359217	3.0144	3.6455	1.1476	-1.1	-2.196	7
-1.1	9.225	1.5535013676	3.0577	3.6419	1.0902	-1.16	-2.278	7
-1.1	9.225	1.5535470247	3.1	3.6384	1.0336	-1.217	-2.358	7
-1.1	9.225	1.5535911322	3.1507	3.6341	0.9659	-1.274	-2.449	7
-1.1	9.225	1.553619504	3.1858	3.6311	0.9188	-1.306	-2.511	7
-1.1	9.225	1.5536484718	3.2257	3.6277	0.8651	-1.34	-2.58	7
-1.1	9.225	1.5536791086	3.2781	3.6231	0.7947	-1.381	-2.668	7
-1.1	9.225	1.553684473	3.2991	3.6213	0.7664	-1.398	-2.703	7
-1.1	9.225	1.5536885262	3.334	3.6183	0.7193	-1.422	-2.76	7
-1.1	9.225	1.5536949635	3.3645	3.6155	0.6778	-1.441	-2.808	7
-1.1	9.225	1.5536950827	3.3772	3.6144	0.663	-1.451	-2.828	8
-1.1	9.225	1.5536952019	3.3962	3.6128	0.6406	-1.464	-2.858	8
-1.1	9.225	1.5536953211	3.4183	3.6109	0.6144	-1.48	-2.894	8
-1.1	9.225	1.5536954403	3.4373	3.6092	0.592	-1.493	-2.924	8
-1.1	9.225	1.5536977053	3.4493	3.6081	0.5768	-1.5	-2.942	8
-1.1	9.225	1.5537000895	3.4518	3.6079	0.5729	-1.5	-2.945	8
-1.1	9.225	1.5537023544	3.4544	3.6076	0.5689	-1.501	-2.948	8
-1.1	9.225	1.5537046194	3.4569	3.6074	0.565	-1.501	-2.951	8
-1.1	9.225	1.5537070036	3.4594	3.6071	0.561	-1.502	-2.955	8
-1.1	9.225	1.5537092686	3.4619	3.6068	0.5571	-1.502	-2.958	8
-1.1	9.225	1.5537115335	3.4644	3.6066	0.5531	-1.503	-2.961	8
-1.1	9.225	1.5537137985	3.4669	3.6063	0.5491	-1.503	-2.965	8
-1.1	9.225	1.5537161827	3.4694	3.606	0.5452	-1.504	-2.968	8
-1.1	9.225	1.5537184477	3.4719	3.6058	0.5412	-1.504	-2.971	8
-1.1	9.225	1.5537207127	3.4744	3.6055	0.5373	-1.504	-2.975	8
-1.1	9.225	1.5537230968	3.4769	3.6052	0.5333	-1.505	-2.978	8
-1.1	9.225	1.5537253618	3.4794	3.605	0.5293	-1.505	-2.981	8
-1.1	9.225	1.5537276268	3.4819	3.6047	0.5254	-1.506	-2.984	8
-1.1	9.225	1.553730011	3.4845	3.6045	0.5214	-1.506	-2.988	8
-1.1	9.225	1.553732276	3.487	3.6042	0.5175	-1.507	-2.991	8
-1.1	9.225	1.5537345409	3.4895	3.6039	0.5135	-1.507	-2.994	8
-1.1	9.225	1.5537369251	3.492	3.6037	0.5095	-1.508	-2.998	8
-1.1	9.225	1.5537391901	3.4945	3.6034	0.5056	-1.508	-3.001	8
-1.1	9.225	1.5537414551	3.497	3.6031	0.5016	-1.508	-3.004	8
-1.1	9.225	1.5537437201	3.4995	3.6029	0.4976	-1.509	-3.007	8
-1.1	9.225	1.5537461042	3.502	3.6026	0.4937	-1.51	-3.011	8
-1.1	9.225	1.5537483692	3.5045	3.6023	0.4897	-1.511	-3.014	8
-1.1	9.225	1.5537506342	3.507	3.6021	0.4858	-1.512	-3.017	8
-1.1	9.225	1.5537530184	3.5095	3.6018	0.4818	-1.513	-3.02	8
-1.1	9.225	1.5537552834	3.512	3.6016	0.4778	-1.514	-3.023	8
-1.1	9.225	1.553758502	3.5144	3.6013	0.4736	-1.513	-3.026	8
-1.1	9.225	1.5537617207	3.5167	3.601	0.4693	-1.513	-3.028	8
-1.1	9.225	1.5537649393	3.519	3.6007	0.4651	-1.513	-3.03	8
-1.1	9.225	1.553768158	3.5213	3.6004	0.4609	-1.513	-3.033	8
-1.1	9.225	1.5537712574	3.5236	3.6001	0.4566	-1.512	-3.035	8
-1.1	9.225	1.5537744761	3.5259	3.5998	0.4524	-1.512	-3.037	8
-1.1	9.225	1.5537776947	3.5282	3.5995	0.4481	-1.511	-3.039	8
-1.1	9.225	1.5537809134	3.5305	3.5992	0.4439	-1.511	-3.041	8
-1.1	9.225	1.553784132	3.5328	3.5989	0.4396	-1.51	-3.043	8
-1.1	9.225	1.5537873507	3.5351	3.5986	0.4354	-1.51	-3.045	8
-1.1	9.225	1.5537905693	3.5374	3.5983	0.4311	-1.509	-3.047	8
-1.1	9.225	1.553793788	3.5398	3.598	0.4268	-1.509	-3.05	8
-1.1	9.225	1.5537970066	3.5421	3.5977	0.4226	-1.508	-3.052	8
-1.1	9.225	1.553800106	3.5444	3.5974	0.4183	-1.508	-3.054	8
-1.1	9.225	1.5538033247	3.5467	3.5971	0.4141	-1.507	-3.056	8
-1.1	9.225	1.5538065434	3.549	3.5968	0.4098	-1.507	-3.058	8
-1.1	9.225	1.553809762	3.5513	3.5965	0.4055	-1.506	-3.06	8
-1.1	9.225	1.5538129807	3.5536	3.5962	0.4013	-1.505	-3.062	8
-1.1	9.225	1.5538161993	3.5559	3.5959	0.397	-1.505	-3.064	8
-1.1	9.225	1.553819418	3.5582	3.5956	0.3927	-1.504	-3.066	8
-1.1	9.225	1.5538226366	3.5605	3.5953	0.3885	-1.504	-3.068	8
-1.1	9.225	1.553825736	3.5628	3.595	0.3842	-1.503	-3.07	8
-1.1	9.225	1.5538289547	3.5651	3.5947	0.3799	-1.503	-3.072	8
-1.1	9.225	1.5538321733	3.5675	3.5944	0.3757	-1.502	-3.074	8
-1.1	9.225	1.553835392	3.5698	3.5941	0.3714	-1.501	-3.076	8
-1.1	9.225	1.5538386106	3.5721	3.5938	0.3671	-1.501	-3.078	8
-1.1	9.225	1.5538423061	3.5744	3.5934	0.362	-1.498	-3.079	8
-1.1	9.225	1.5538458824	3.5767	3.593	0.3569	-1.496	-3.08	8
-1.1	9.225	1.5538494587	3.579	3.5926	0.3518	-1.493	-3.08	8
-1.1	9.225	1.5538531542	3.5813	3.5922	0.3467	-1.491	-3.081	8
-1.1	9.225	1.5538568497	3.5837	3.5918	0.3416	-1.488	-3.082	8
-1.1	9.225	1.5538604259	3.586	3.5914	0.3364	-1.486	-3.083	8
-1.1	9.225	1.5538640022	3.5883	3.591	0.3313	-1.483	-3.084	8
-1.1	9.225	1.5538676977	3.5906	3.5906	0.3262	-1.48	-3.085	8
-1.1	9.225	1.5538713932	3.5929	3.5902	0.321	-1.478	-3.085	8
-1.1	9.225	1.5538749695	3.5953	3.5898	0.3159	-1.475	-3.086	8
-1.1	9.225	1.5538785458	3.5976	3.5894	0.3108	-1.472	-3.086	8
-1.1	9.225	1.5538822412	3.5999	3.5891	0.3056	-1.469	-3.087	8
-1.1	9.225	1.5538859367	3.6022	3.5887	0.3005	-1.466	-3.087	8
-1.1	9.225	1.553889513	3.6045	3.5883	0.2953	-1.463	-3.088	8
-1.1	9.225	1.5538930893	3.6068	3.5879	0.2902	-1.46	-3.088	8
-1.1	9.225	1.5538967848	3.6092	3.5875	0.285	-1.457	-3.089	8
-1.1	9.225	1.5539004803	3.6115	3.5871	0.2799	-1.454	-3.089	8
-1.1	9.225	1.5539040565	3.6138	3.5867	0.2747	-1.451	-3.09	8
-1.1	9.225	1.5539076328	3.6161	3.5863	0.2695	-1.448	-3.09	8
-1.1	9.225	1.5539113283	3.6184	3.5859	0.2643	-1.445	-3.091	8
-1.1	9.225	1.5539150238	3.6208	3.5855	0.2592	-1.442	-3.091	8
-1.1	9.225	1.5539186001	3.6231	3.5851	0.254	-1.439	-3.092	8
-1.1	9.225	1.5539221764	3.6254	3.5847	0.2488	-1.437	-3.092	8
-1.1	9.225	1.5539258718	3.6277	3.5843	0.2436	-1.434	-3.093	8
-1.1	9.225	1.5539295673	3.63	3.5839	0.2384	-1.431	-3.093	8
-1.1	9.225	1.5539331436	3.6323	3.5835	0.2332	-1.428	-3.094	8
-1.1	9.225	1.5539364815	3.6349	3.5826	0.2251	-1.414	-3.087	8
-1.1	9.225	1.5539398193	3.6375	3.5816	0.217	-1.401	-3.081	8
-1.1	9.225	1.5539431572	3.6401	3.5806	0.2089	-1.387	-3.075	8
-1.1	9.225	1.5539464951	3.6426	3.5797	0.2008	-1.374	-3.069	8
-1.1	9.225	1.5539498329	3.6452	3.5787	0.1927	-1.36	-3.062	8
-1.1	9.225	1.5539531708	3.6478	3.5778	0.1846	-1.345	-3.055	8
-1.1	9.225	1.5539565086	3.6504	3.5768	0.1764	-1.331	-3.047	8
-1.1	9.225	1.5539598465	3.6529	3.5759	0.1683	-1.036	-3.17	8
-1.1	9.225	1.5539631844	3.6555	3.5749	0.1602	-1.028	-3.165	8
-1.1	9.225	1.5539665222	3.6581	3.574	0.152	-1.021	-3.16	8
-1.1	9.225	1.5539698601	3.6607	3.573	0.1438	-1.014	-3.155	8
-1.1	9.225	1.5539731979	3.6632	3.572	0.1357	-1.007	-3.15	8
-1.1	9.225	1.5539765358	3.6658	3.5711	0.1275	-1.0	-3.145	8
-1.1	9.225	1.5539798737	3.6684	3.5701	0.1193	-0.993	-3.14	8
-1.1	9.225	1.5539832115	3.671	3.5692	0.1111	-0.985	-3.135	8
-1.1	9.225	1.5539865494	3.6735	3.5682	0.1029	-0.979	-3.13	8
-1.1	9.225	1.5539898872	3.6761	3.5673	0.0947	-0.972	-3.124	8
-1.1	9.225	1.5539932251	3.6787	3.5663	0.0865	-0.965	-3.118	8
-1.1	9.225	1.553996563	3.6813	3.5654	0.0783	-0.959	-3.112	8
-1.1	9.225	1.5539999008	3.6838	3.5644	0.0701	-0.952	-3.106	8
-1.1	9.225	1.5540032387	3.6864	3.5634	0.0618	-0.946	-3.1	8
-1.1	9.225	1.5540065765	3.689	3.5625	0.0536	-0.94	-3.093	8
-1.1	9.225	1.5540099144	3.6916	3.5615	0.0453	-0.934	-3.087	8
-1.1	9.225	1.5540132523	3.6941	3.5606	0.0371	-0.928	-3.081	8
-1.1	9.225	1.5540165901	3.6967	3.5596	0.0288	-0.922	-3.075	8
-1.1	9.225	1.554019928	3.6993	3.5587	0.0205	-0.917	-3.069	8
-1.1	9.225	1.5540223122	3.701	3.5577	0.0131	-0.909	-3.06	8
-1.1	9.225	1.5540246964	3.7026	3.5567	0.0056	-0.899	-3.051	8
-1.1	9.225	1.5540270805	3.7043	3.5557	-0.0018	-0.889	-3.041	8
-1.1	9.225	1.5540294647	3.706	3.5547	-0.0093	-0.878	-3.031	8
-1.1	9.225	1.5540318489	3.7076	3.5537	-0.0168	-0.867	-3.021	8
-1.1	9.225	1.5540342331	3.7093	3.5528	-0.0242	-0.856	-3.011	8
-1.1	9.225	1.5540366173	3.711	3.5518	-0.0317	-0.845	-3.001	8
-1.1	9.225	1.5540390015	3.7127	3.5508	-0.0392	-0.834	-2.991	8
-1.1	9.225	1.5540413857	3.7143	3.5498	-0.0467	-0.823	-2.981	8
-1.1	9.225	1.5540437698	3.716	3.5488	-0.0542	-0.812	-2.971	8
-1.1	9.225	1.554046154	3.7177	3.5478	-0.0618	-0.802	-2.961	8
-1.1	9.225	1.5540485382	3.7193	3.5468	-0.0693	-0.791	-2.951	8
-1.1	9.225	1.5540509224	3.721	3.5459	-0.0768	-0.78	-2.941	8
-1.1	9.225	1.5540531874	3.7227	3.5449	-0.0844	-0.77	-2.931	8
-1.1	9.225	1.5540555716	3.7244	3.5439	-0.0919	-0.759	-2.921	8
-1.1	9.225	1.5540579557	3.726	3.5429	-0.0995	-0.745	-2.909	8
-1.1	9.225	1.5540603399	3.7277	3.5419	-0.1071	-0.731	-2.898	8
-1.1	9.225	1.5540627241	3.7294	3.5409	-0.1147	-0.717	-2.886	8
-1.1	9.225	1.5540651083	3.731	3.5399	-0.1223	-0.702	-2.874	8
-1.1	9.225	1.5540674925	3.7327	3.539	-0.1299	-0.688	-2.862	8
-1.1	9.225	1.5540698767	3.7344	3.538	-0.1375	-0.673	-2.849	8
-1.1	9.225	1.5540722609	3.7361	3.537	-0.1451	-0.658	-2.837	8
-1.1	9.225	1.554074645	3.7377	3.536	-0.1527	-0.642	-2.824	8
-1.1	9.225	1.5540770292	3.7394	3.535	-0.1604	-0.627	-2.812	8
-1.1	9.225	1.5540794134	3.7411	3.534	-0.168	-0.611	-2.799	8
-1.1	9.225	1.5540817976	3.7427	3.533	-0.1757	-0.595	-2.786	8
-1.1	9.225	1.5540826321	3.7433	3.5327	-0.178	-0.59	-2.782	8
-1.1	9.225	1.5540833473	3.7438	3.5324	-0.1804	-0.585	-2.778	8
-1.1	9.225	1.5540841818	3.7443	3.5321	-0.1827	-0.58	-2.774	8
-1.1	9.225	1.5540850163	3.7448	3.5318	-0.1851	-0.575	-2.77	8
-1.1	9.225	1.5540857315	3.7453	3.5315	-0.1874	-0.57	-2.766	8
-1.1	9.225	1.554086566	3.7458	3.5312	-0.1898	-0.566	-2.762	8
-1.1	9.225	1.5540874004	3.7463	3.5309	-0.1922	-0.563	-2.759	8
-1.1	9.225	1.5540882349	3.7468	3.5306	-0.1945	-0.559	-2.756	8
-1.1	9.225	1.5540889502	3.7474	3.5303	-0.1969	-0.556	-2.753	8
-1.1	9.225	1.5540897846	3.7479	3.53	-0.1992	-0.552	-2.75	8
-1.1	9.225	1.5540906191	3.7484	3.5297	-0.2016	-0.549	-2.747	8
-1.1	9.225	1.5540913343	3.7489	3.5294	-0.204	-0.546	-2.744	8
-1.1	9.225	1.5540921688	3.7494	3.5291	-0.2063	-0.543	-2.741	8
-1.1	9.225	1.5540930033	3.7499	3.5288	-0.2087	-0.54	-2.738	8
-1.1	9.225	1.5540937185	3.7504	3.5285	-0.2111	-0.537	-2.736	8
-1.1	9.225	1.554094553	3.7509	3.5282	-0.2134	-0.534	-2.733	8
-1.1	9.225	1.5540953875	3.7515	3.5279	-0.2158	-0.531	-2.73	8
-1.1	9.225	1.5540961027	3.752	3.5276	-0.2182	-0.529	-2.727	8
-1.1	9.225	1.5540969372	3.7525	3.5273	-0.2205	-0.526	-2.725	8
-1.1	9.225	1.5540977716	3.753	3.527	-0.2229	-0.523	-2.722	8
-1.1	9.225	1.5540986061	3.7535	3.5267	-0.2253	-0.52	-2.719	8
-1.1	9.225	1.5540993214	3.754	3.5264	-0.2276	-0.517	-2.716	8
-1.1	9.225	1.5541001558	3.7545	3.5261	-0.23	-0.514	-2.714	8
-1.1	9.225	1.5541009903	3.755	3.5258	-0.2324	-0.511	-2.711	8
-1.1	9.225	1.5541017056	3.7556	3.5255	-0.2348	-0.509	-2.708	8
-1.1	9.225	1.55410254	3.7561	3.5252	-0.2371	-0.506	-2.706	8
-1.1	9.225	1.5541057587	3.7579	3.5244	-0.2472	-0.501	-2.7	8
-1.1	9.225	1.5541089773	3.7597	3.5237	-0.2574	-0.496	-2.695	8
-1.1	9.225	1.5541120768	3.7616	3.523	-0.2676	-0.49	-2.69	8
-1.1	9.225	1.5541152954	3.7634	3.5222	-0.2779	-0.486	-2.685	8
-1.1	9.225	1.5541185141	3.7652	3.5215	-0.2882	-0.481	-2.68	8
-1.1	9.225	1.5541217327	3.7671	3.5207	-0.2986	-0.476	-2.675	8
-1.1	9.225	1.5541248322	3.7689	3.52	-0.3091	-0.471	-2.67	8
-1.1	9.225	1.5541280508	3.7707	3.5192	-0.3197	-0.466	-2.665	8
-1.1	9.225	1.5541312695	3.7725	3.5185	-0.3304	-0.461	-2.66	8
-1.1	9.225	1.5541344881	3.7744	3.5178	-0.3411	-0.455	-2.655	8
-1.1	9.225	1.5541375875	3.7762	3.517	-0.3519	-0.448	-2.65	8
-1.1	9.225	1.5541408062	3.778	3.5163	-0.3628	-0.44	-2.645	8
-1.1	9.225	1.5541440248	3.7799	3.5155	-0.3738	-0.432	-2.639	8
-1.1	9.225	1.5541472435	3.7817	3.5148	-0.3849	-0.423	-2.633	8
-1.1	9.225	1.5541504622	3.7835	3.5141	-0.396	-0.414	-2.627	8
-1.1	9.225	1.5541535616	3.7854	3.5133	-0.4073	-0.405	-2.621	8
-1.1	9.225	1.5541567802	3.7872	3.5126	-0.4187	-0.396	-2.615	8
-1.1	9.225	1.5541599989	3.789	3.5118	-0.4301	-0.386	-2.609	8
-1.1	9.225	1.5541632175	3.7908	3.5111	-0.4417	-0.377	-2.603	8
-1.1	9.225	1.554166317	3.7927	3.5104	-0.4534	-0.367	-2.597	8
-1.1	9.225	1.5541695356	3.7945	3.5096	-0.4651	-0.357	-2.59	8
-1.1	9.225	1.5541727543	3.7963	3.5089	-0.477	-0.346	-2.583	8
-1.1	9.225	1.5541759729	3.7982	3.5081	-0.489	-0.335	-2.577	8
-1.1	9.225	1.5541790724	3.8	3.5074	-0.5012	-0.323	-2.569	8
-1.1	9.225	1.554182291	3.8018	3.5066	-0.5134	-0.295	-2.555	8
-1.1	9.225	1.5541855097	3.8037	3.5059	-0.5258	-0.264	-2.541	8
-1.1	9.225	1.5541865826	3.8018	3.5101	-0.5104	-0.368	-2.608	8
-1.1	9.225	1.5541876554	3.8	3.5142	-0.4949	-0.452	-2.668	8
-1.1	9.225	1.5541888475	3.7982	3.5184	-0.4795	-0.525	-2.723	8
-1.1	9.225	1.5541899204	3.7963	3.5225	-0.4641	-0.582	-2.771	8
-1.1	9.225	1.5541909933	3.7945	3.5267	-0.4487	-0.638	-2.819	8
-1.1	9.225	1.5541920662	3.7926	3.5309	-0.4334	-0.694	-2.867	8
-1.1	9.225	1.5541931391	3.7908	3.535	-0.418	-0.764	-2.925	8
-1.1	9.225	1.5541943312	3.789	3.5392	-0.4027	-0.837	-2.985	8
-1.1	9.225	1.5541954041	3.7871	3.5433	-0.3874	-0.909	-3.046	8
-1.1	9.225	1.5541964769	3.7853	3.5475	-0.3722	-0.968	-3.098	8
-1.1	9.225	1.5541975498	3.7835	3.5517	-0.3569	-1.025	-3.149	8
-1.1	9.225	1.5541986227	3.7816	3.5558	-0.3417	-1.081	-3.201	8
-1.1	9.225	1.5541996956	3.7798	3.56	-0.3265	-1.134	-3.249	8
-1.1	9.225	1.5542008877	3.7779	3.5641	-0.3113	-1.188	-3.298	8
-1.1	9.225	1.5542019606	3.7761	3.5683	-0.2962	-1.241	-3.347	8
-1.1	9.225	1.5542030334	3.7743	3.5725	-0.2811	-1.291	-3.394	8
-1.1	9.225	1.5542041063	3.7724	3.5766	-0.266	-1.342	-3.442	8
-1.1	9.225	1.5542051792	3.7706	3.5808	-0.2509	-1.392	-3.488	8
-1.1	9.225	1.5542063713	3.7688	3.5849	-0.2359	-1.438	-3.531	8
-1.1	9.225	1.5542074442	3.7669	3.5891	-0.2209	-1.484	-3.574	8
-1.1	9.225	1.5542085171	3.7651	3.5933	-0.2059	-1.528	-3.614	8
-1.1	9.225	1.55420959	3.7632	3.5974	-0.1909	-1.57	-3.652	8
-1.1	9.225	1.5542106628	3.7614	3.6016	-0.176	-1.612	-3.691	8
-1.1	9.225	1.5542118549	3.7596	3.6057	-0.1611	-1.654	-3.729	8
-1.1	9.225	1.5542129278	3.7577	3.6099	-0.1463	-1.696	-3.767	8
-1.1	9.225	1.5542140007	3.7559	3.6141	-0.1314	-1.738	-3.805	8
