# File generated by 'createIsoFiles.py' on Fri Nov 24 15:30:46 2017.
# Content of file: isochrone table with t = 3.76Gyr, [Fe/H] = -0.3.
# Isochrone tables in this file have been created by
# on the basis of PARSEC isochrones.
# NOTE: templates with M < 0.1 Msun have been.
# removed (considered below LMCO).
# -----------------------------------------------------------------
# FeH	log(age/yr)	M_ini	logL/Lo	logTeff	logg	 B	 V	 stage
-0.3	9.575	0.1000000015	-3.164	3.4179	5.2257	19.276	17.354	1
-0.3	9.575	0.1199999973	-2.9005	3.4502	5.1704	17.436	15.658	1
-0.3	9.575	0.1400000006	-2.7164	3.4697	5.1314	16.341	14.629	1
-0.3	9.575	0.1599999964	-2.5741	3.4832	5.1009	15.586	13.915	1
-0.3	9.575	0.200000003	-2.3582	3.5013	5.0542	14.573	12.955	1
-0.3	9.575	0.25	-2.1559	3.5162	5.0086	13.736	12.163	1
-0.3	9.575	0.3000000119	-1.9953	3.5267	4.9691	13.134	11.595	1
-0.3	9.575	0.3862628937	-1.7301	3.5435	4.8809	12.191	10.708	1
-0.3	9.575	0.3914962113	-1.7159	3.5444	4.8761	12.142	10.662	1
-0.3	9.575	0.4414962232	-1.5584	3.5575	4.8235	11.559	10.112	1
-0.3	9.575	0.4914962053	-1.3909	3.5741	4.769	10.922	9.512	1
-0.3	9.575	0.536554873	-1.2307	3.5936	4.7249	10.288	8.931	1
-0.3	9.575	0.5414962173	-1.2141	3.5957	4.7203	10.224	8.873	1
-0.3	9.575	0.5914962292	-1.0384	3.622	4.6882	9.483	8.232	1
-0.3	9.575	0.6168466806	-0.9493	3.6374	4.6789	9.065	7.888	1
-0.3	9.575	0.6414961815	-0.8656	3.6518	4.6702	8.657	7.56	1
-0.3	9.575	0.6536631584	-0.8248	3.6591	4.6664	8.457	7.398	1
-0.3	9.575	0.6914961934	-0.7019	3.6808	4.6548	7.886	6.934	1
-0.3	9.575	0.7263696194	-0.5939	3.6991	4.6415	7.434	6.558	1
-0.3	9.575	0.7414962053	-0.5483	3.7068	4.6355	7.252	6.406	1
-0.3	9.575	0.7764826417	-0.4458	3.7226	4.6162	6.869	6.084	1
-0.3	9.575	0.7914962173	-0.4027	3.7292	4.6077	6.713	5.953	1
-0.3	9.575	0.8012675643	-0.3749	3.7331	4.601	6.616	5.871	1
-0.3	9.575	0.8360325098	-0.2775	3.7467	4.5764	6.283	5.589	1
-0.3	9.575	0.8414962292	-0.2624	3.7488	4.5725	6.232	5.547	1
-0.3	9.575	0.8449118137	-0.253	3.75	4.5696	6.201	5.52	1
-0.3	9.575	0.883497417	-0.1477	3.7631	4.536	5.864	5.231	1
-0.3	9.575	0.8914962411	-0.1261	3.7657	4.5288	5.796	5.173	1
-0.3	9.575	0.9102427363	-0.0756	3.7712	4.5095	5.639	5.037	1
-0.3	9.575	0.9414961934	0.0081	3.78	4.4756	5.381	4.815	1
-0.3	9.575	0.9418154359	0.009	3.7801	4.4752	5.378	4.812	1
-0.3	9.575	0.9584316015	0.0537	3.7842	4.4547	5.244	4.697	1
-0.3	9.575	0.9886602759	0.1348	3.7913	4.4155	5.003	4.487	1
-0.3	9.575	0.9914962053	0.1424	3.792	4.4117	4.98	4.467	1
-0.3	9.575	1.0024602413	0.1718	3.7943	4.3965	4.895	4.392	1
-0.3	9.575	1.0176401138	0.2126	3.7975	4.3748	4.776	4.286	1
-0.3	9.575	1.0319800377	0.2513	3.8004	4.3536	4.665	4.187	1
-0.3	9.575	1.0414961576	0.2771	3.8022	4.3392	4.592	4.121	1
-0.3	9.575	1.0494756699	0.2986	3.8037	4.3272	4.531	4.066	1
-0.3	9.575	1.0602355003	0.3276	3.8057	4.3106	4.449	3.992	1
-0.3	9.575	1.0803320408	0.3809	3.809	4.2785	4.299	3.855	1
-0.3	9.575	1.0914962292	0.4097	3.8105	4.26	4.22	3.782	1
-0.3	9.575	1.1060069799	0.4466	3.8121	4.2355	4.12	3.688	1
-0.3	9.575	1.1231535673	0.4925	3.8139	4.2035	3.996	3.571	1
-0.3	9.575	1.1368681192	0.5315	3.8154	4.1754	3.892	3.471	1
-0.3	9.575	1.1414961815	0.5449	3.8158	4.1655	3.856	3.437	1
-0.3	9.575	1.151625514	0.5687	3.8154	4.1442	3.797	3.377	1
-0.3	9.575	1.1633931398	0.6027	3.8155	4.1147	3.71	3.292	1
-0.3	9.575	1.1710965633	0.6389	3.8168	4.0866	3.613	3.199	1
-0.3	9.575	1.1739789248	0.6578	3.8177	4.0726	3.56	3.151	2
-0.3	9.575	1.1768752337	0.6678	3.8173	4.0618	3.537	3.126	2
-0.3	9.575	1.1880018711	0.6988	3.8156	4.0283	3.464	3.049	2
-0.3	9.575	1.191496253	0.709	3.8152	4.0174	3.44	3.023	2
-0.3	9.575	1.2121289968	0.7774	3.8076	3.9264	3.296	2.856	2
-0.3	9.575	1.223751545	0.8148	3.7991	3.8589	3.238	2.769	2
-0.3	9.575	1.2335095406	0.833	3.7839	3.7834	3.272	2.741	2
-0.3	9.575	1.239176631	0.811	3.7653	3.733	3.431	2.827	2
-0.3	9.575	1.2414962053	0.7842	3.7539	3.7149	3.563	2.917	2
-0.3	9.575	1.2415635586	0.7834	3.7535	3.7144	3.567	2.92	2
-0.3	9.575	1.2434251308	0.7601	3.744	3.7003	3.682	2.999	2
-0.3	9.575	1.245211482	0.746	3.7358	3.682	3.77	3.056	2
-0.3	9.575	1.2473573685	0.7457	3.7278	3.6512	3.824	3.08	2
-0.3	9.575	1.2504035234	0.7729	3.7203	3.5949	3.807	3.036	2
-0.3	9.575	1.2516033649	0.7881	3.718	3.5709	3.785	3.007	3
-0.3	9.575	1.2532788515	0.8151	3.7157	3.5352	3.735	2.948	3
-0.3	9.575	1.2557400465	0.8592	3.7129	3.4808	3.644	2.847	3
-0.3	9.575	1.2579861879	0.904	3.7107	3.4283	3.549	2.743	3
-0.3	9.575	1.2602053881	0.9522	3.7088	3.3732	3.444	2.63	3
-0.3	9.575	1.2621884346	0.9988	3.7071	3.3204	3.341	2.52	3
-0.3	9.575	1.2640134096	1.0458	3.7054	3.2672	3.237	2.409	3
-0.3	9.575	1.265768528	1.0953	3.7036	3.211	3.127	2.292	3
-0.3	9.575	1.2672713995	1.1419	3.7018	3.1578	3.024	2.182	3
-0.3	9.575	1.2686181068	1.1876	3.7	3.1053	2.924	2.075	3
-0.3	9.575	1.2699109316	1.2357	3.698	3.0498	2.822	1.963	3
-0.3	9.575	1.2710011005	1.28	3.6961	2.9982	2.729	1.861	3
-0.3	9.575	1.2720266581	1.3257	3.6941	2.9447	2.634	1.756	3
-0.3	9.575	1.2729285955	1.3695	3.692	2.893	2.544	1.656	3
-0.3	9.575	1.2738057375	1.416	3.6898	2.8379	2.448	1.55	3
-0.3	9.575	1.2745575905	1.4592	3.6877	2.7863	2.36	1.452	3
-0.3	9.575	1.2752515078	1.5023	3.6855	2.7346	2.273	1.355	3
-0.3	9.575	1.2759026289	1.5459	3.6832	2.6822	2.185	1.258	3
-0.3	9.575	1.2765015364	1.5889	3.6809	2.6301	2.098	1.161	3
-0.3	9.575	1.2770547867	1.631	3.6786	2.579	2.015	1.068	3
-0.3	9.575	1.2775820494	1.6719	3.6763	2.5291	1.936	0.979	3
-0.3	9.575	1.2781471014	1.7076	3.6743	2.4856	1.868	0.9	3
-0.3	9.575	1.278588891	1.7297	3.6731	2.4589	1.827	0.852	3
-0.3	9.575	1.2790080309	1.7008	3.6751	2.496	1.876	0.913	3
-0.3	9.575	1.2793165445	1.6724	3.6771	2.5323	1.927	0.973	3
-0.3	9.575	1.2797785997	1.7176	3.6744	2.4766	1.842	0.874	3
-0.3	9.575	1.2802158594	1.7612	3.6718	2.4227	1.763	0.78	3
-0.3	9.575	1.2806237936	1.8042	3.6693	2.3695	1.687	0.687	3
-0.3	9.575	1.2810059786	1.8472	3.6666	2.3159	1.612	0.596	3
-0.3	9.575	1.2813550234	1.8896	3.6639	2.263	1.539	0.506	3
-0.3	9.575	1.2816836834	1.9322	3.6612	2.2096	1.466	0.416	3
-0.3	9.575	1.2819858789	1.9742	3.6585	2.1567	1.395	0.329	3
-0.3	9.575	1.2822663784	2.0165	3.6557	2.1034	1.326	0.242	3
-0.3	9.575	1.2825206518	2.0579	3.653	2.051	1.259	0.158	3
-0.3	9.575	1.2827591896	2.0998	3.6501	1.9977	1.192	0.073	3
-0.3	9.575	1.2829772234	2.1412	3.6473	1.9451	1.132	-0.008	3
-0.3	9.575	1.2831809521	2.1829	3.6444	1.8919	1.072	-0.089	3
-0.3	9.575	1.2833679914	2.224	3.6415	1.8392	1.013	-0.169	3
-0.3	9.575	1.2835409641	2.2649	3.6386	1.7866	0.956	-0.248	3
-0.3	9.575	1.2837051153	2.3068	3.6356	1.7328	0.9	-0.326	3
-0.3	9.575	1.2838509083	2.3468	3.6327	1.6811	0.846	-0.401	3
-0.3	9.575	1.2839884758	2.3874	3.6298	1.6286	0.792	-0.476	3
-0.3	9.575	1.2841143608	2.4275	3.6268	1.5765	0.743	-0.548	3
-0.3	9.575	1.284231782	2.4678	3.6238	1.5241	0.693	-0.62	3
-0.3	9.575	1.2843433619	2.5089	3.6207	1.4705	0.642	-0.693	3
-0.3	9.575	1.2844430208	2.5483	3.6177	1.419	0.595	-0.761	3
-0.3	9.575	1.2845389843	2.589	3.6146	1.3658	0.547	-0.83	3
-0.3	9.575	1.2846266031	2.6288	3.6115	1.3135	0.501	-0.897	3
-0.3	9.575	1.2847075462	2.6681	3.6084	1.2617	0.458	-0.961	3
-0.3	9.575	1.2847874165	2.7095	3.6051	1.207	0.414	-1.026	3
-0.3	9.575	1.2848745584	2.758	3.6013	1.1428	0.365	-1.101	3
-0.3	9.575	1.2849402428	2.7972	3.5981	1.0909	0.326	-1.16	3
-0.3	9.575	1.2850035429	2.8379	3.5948	1.0366	0.29	-1.216	3
-0.3	9.575	1.2850738764	2.886	3.5907	0.9717	0.253	-1.282	3
-0.3	9.575	1.2851394415	2.934	3.5866	0.9069	0.223	-1.343	3
-0.3	9.575	1.2852004766	2.9824	3.5825	0.8417	0.192	-1.406	3
-0.3	9.575	1.2852575779	3.0309	3.5779	0.7745	0.172	-1.458	3
-0.3	9.575	1.2853095531	3.0783	3.5735	0.7091	0.152	-1.506	3
-0.3	9.575	1.2853577137	3.1255	3.5691	0.6437	0.135	-1.552	3
-0.3	9.575	1.2854019403	3.1718	3.5647	0.5789	0.124	-1.584	3
-0.3	9.575	1.285443902	3.2184	3.56	0.5129	0.115	-1.616	3
-0.3	9.575	1.2854832411	3.265	3.5552	0.4462	0.116	-1.613	3
-0.3	9.575	1.2855194807	3.3102	3.5504	0.3808	0.12	-1.606	3
-0.3	9.575	1.2855530977	3.3539	3.5457	0.3171	0.149	-1.56	3
-0.3	9.575	1.2855787277	3.3855	3.5422	0.2706	0.174	-1.523	4
-0.3	9.575	1.2859015465	1.7808	3.6884	2.4603	1.55	0.64	4
-0.3	9.575	1.2862180471	1.7861	3.6881	2.4537	1.54	0.628	4
-0.3	9.575	1.2865396738	1.7877	3.6882	2.4528	1.535	0.624	4
-0.3	9.575	1.2868613005	1.7875	3.6885	2.4542	1.533	0.623	4
-0.3	9.575	1.2871892452	1.787	3.6888	2.4562	1.531	0.622	4
-0.3	9.575	1.2875106335	1.7864	3.6892	2.4583	1.529	0.622	4
-0.3	9.575	1.2878366709	1.7859	3.6895	2.4603	1.527	0.622	4
-0.3	9.575	1.2881605625	1.7854	3.6898	2.4621	1.525	0.621	4
-0.3	9.575	1.2884603739	1.7853	3.6901	2.4635	1.523	0.62	4
-0.3	9.575	1.2887727022	1.7854	3.6903	2.4645	1.52	0.619	4
-0.3	9.575	1.2890713215	1.7855	3.6906	2.4654	1.518	0.618	4
-0.3	9.575	1.2893767357	1.7858	3.6908	2.4661	1.515	0.616	4
-0.3	9.575	1.289678216	1.7862	3.691	2.4666	1.513	0.614	4
-0.3	9.575	1.2899956703	1.7867	3.6912	2.467	1.51	0.612	4
-0.3	9.575	1.2901366949	1.7869	3.6913	2.4672	1.508	0.611	4
-0.3	9.575	1.2903176546	1.7873	3.6914	2.4673	1.506	0.61	4
-0.3	9.575	1.2906442881	1.788	3.6915	2.4673	1.503	0.607	4
-0.3	9.575	1.290956974	1.7888	3.6916	2.4671	1.5	0.604	4
-0.3	9.575	1.2912687063	1.7898	3.6918	2.4666	1.497	0.601	4
-0.3	9.575	1.2916007042	1.791	3.6918	2.4658	1.493	0.598	4
-0.3	9.575	1.2919275761	1.7925	3.6919	2.4647	1.489	0.594	4
-0.3	9.575	1.2922565937	1.7942	3.6919	2.4631	1.485	0.59	4
-0.3	9.575	1.2924505472	1.7953	3.6918	2.4619	1.483	0.587	4
-0.3	9.575	1.2925738096	1.7961	3.6918	2.4611	1.481	0.585	4
-0.3	9.575	1.2929157019	1.7986	3.6917	2.4582	1.476	0.58	4
-0.3	9.575	1.2932590246	1.8015	3.6915	2.4546	1.471	0.573	4
-0.3	9.575	1.2936017513	1.8051	3.6912	2.45	1.465	0.566	4
-0.3	9.575	1.293954134	1.8095	3.6908	2.4443	1.457	0.556	4
-0.3	9.575	1.2942928076	1.8143	3.6904	2.438	1.449	0.546	4
-0.3	9.575	1.2946381569	1.8196	3.6899	2.4308	1.44	0.535	4
-0.3	9.575	1.2949762344	1.8263	3.6893	2.4219	1.43	0.521	4
-0.3	9.575	1.2953363657	1.8326	3.6887	2.4134	1.42	0.508	4
-0.3	9.575	1.2956852913	1.8401	3.688	2.4031	1.409	0.493	4
-0.3	9.575	1.2960259914	1.8662	3.6854	2.3665	1.371	0.441	4
-0.3	9.575	1.2962915897	1.9059	3.6814	2.3112	1.313	0.361	4
-0.3	9.575	1.2964148521	1.9464	3.6776	2.2552	1.254	0.28	4
-0.3	9.575	1.296472311	1.988	3.6737	2.1983	1.194	0.198	4
-0.3	9.575	1.2964984179	2.0307	3.6698	2.1399	1.131	0.112	4
-0.3	9.575	1.2965105772	2.0717	3.6661	2.0844	1.072	0.033	4
-0.3	9.575	1.2965182066	2.114	3.6624	2.0271	1.011	-0.05	5
-0.3	9.575	1.2965183258	2.1149	3.6623	2.0259	1.01	-0.052	7
-0.3	9.575	1.296523571	2.1555	3.6589	1.9715	0.953	-0.131	7
-0.3	9.575	1.2965285778	2.1934	3.6556	1.9206	0.904	-0.202	7
-0.3	9.575	1.2965333462	2.2221	3.6532	1.8823	0.866	-0.256	7
-0.3	9.575	1.296538353	2.2379	3.6519	1.8613	0.845	-0.287	7
-0.3	9.575	1.2965511084	2.211	3.6543	1.8976	0.879	-0.236	7
-0.3	9.575	1.2965595722	2.1957	3.6556	1.918	0.899	-0.207	7
-0.3	9.575	1.2965780497	2.171	3.6577	1.9513	0.931	-0.161	7
-0.3	9.575	1.2966395617	2.1653	3.6581	1.9588	0.939	-0.15	7
-0.3	9.575	1.2968121767	2.1923	3.6558	1.9223	0.905	-0.2	7
-0.3	9.575	1.2969306707	2.236	3.652	1.8635	0.849	-0.282	7
-0.3	9.575	1.2970389128	2.28	3.6482	1.8043	0.794	-0.363	7
-0.3	9.575	1.2971315384	2.3231	3.6445	1.7467	0.74	-0.442	7
-0.3	9.575	1.297211647	2.3656	3.6409	1.6899	0.687	-0.52	7
-0.3	9.575	1.2972806692	2.4071	3.6374	1.6341	0.639	-0.594	7
-0.3	9.575	1.2973407507	2.448	3.6339	1.5796	0.591	-0.666	7
-0.3	9.575	1.2973941565	2.4887	3.6305	1.5251	0.544	-0.737	7
-0.3	9.575	1.2974421978	2.5296	3.627	1.4701	0.499	-0.806	7
-0.3	9.575	1.2974860668	2.5706	3.6235	1.4152	0.454	-0.875	7
-0.3	9.575	1.297526598	2.6119	3.6199	1.3598	0.41	-0.944	7
-0.3	9.575	1.2975639105	2.6527	3.6164	1.3049	0.368	-1.01	7
-0.3	9.575	1.2975994349	2.6935	3.6129	1.2502	0.326	-1.075	7
-0.3	9.575	1.2976329327	2.7346	3.6094	1.1951	0.285	-1.14	7
-0.3	9.575	1.2976635695	2.7746	3.6059	1.141	0.249	-1.198	7
-0.3	9.575	1.2976945639	2.8144	3.6024	1.0872	0.214	-1.256	7
-0.3	9.575	1.2977254391	2.8545	3.5988	1.0326	0.181	-1.312	7
-0.3	9.575	1.2977542877	2.8963	3.595	0.9758	0.152	-1.366	7
-0.3	9.575	1.2977763414	2.9403	3.591	0.9157	0.128	-1.424	7
-0.3	9.575	1.297790885	2.9835	3.587	0.8565	0.106	-1.475	7
-0.3	9.575	1.2978030443	3.0251	3.583	0.7989	0.088	-1.523	7
-0.3	9.575	1.2978143692	3.0683	3.5789	0.7391	0.071	-1.571	7
-0.3	9.575	1.2978240252	3.1083	3.5749	0.6833	0.059	-1.607	7
-0.3	9.575	1.2978342772	3.1526	3.5704	0.6209	0.049	-1.648	7
-0.3	9.575	1.2978441715	3.1909	3.5664	0.5667	0.046	-1.669	7
-0.3	9.575	1.2978483438	3.2062	3.5648	0.5448	0.045	-1.677	7
-0.3	9.575	1.297850132	3.2184	3.5634	0.5273	0.045	-1.683	7
-0.3	9.575	1.2978512049	3.2343	3.5617	0.5045	0.044	-1.692	7
-0.3	9.575	1.2978527546	3.2712	3.5576	0.4512	0.046	-1.692	7
-0.3	9.575	1.2978540659	3.2945	3.555	0.4173	0.052	-1.683	7
-0.3	9.575	1.2978543043	3.296	3.5548	0.4151	0.052	-1.683	8
-0.3	9.575	1.2978544235	3.2935	3.555	0.421	0.052	-1.683	8
-0.3	9.575	1.2978545427	3.2974	3.5546	0.4157	0.053	-1.68	8
-0.3	9.575	1.2978546619	3.2994	3.5543	0.4131	0.054	-1.679	8
-0.3	9.575	1.2978547812	3.3014	3.5541	0.4104	0.055	-1.678	8
-0.3	9.575	1.2978549004	3.3053	3.5536	0.4051	0.056	-1.676	8
-0.3	9.575	1.2978550196	3.3073	3.5534	0.4024	0.057	-1.675	8
-0.3	9.575	1.2978551388	3.3093	3.5531	0.3998	0.058	-1.674	8
-0.3	9.575	1.297855258	3.3132	3.5527	0.3944	0.06	-1.672	8
-0.3	9.575	1.2978553772	3.3152	3.5524	0.3918	0.06	-1.671	8
-0.3	9.575	1.2978554964	3.3191	3.552	0.3864	0.062	-1.668	8
-0.3	9.575	1.2978556156	3.3211	3.5517	0.3838	0.063	-1.667	8
-0.3	9.575	1.2978557348	3.3231	3.5515	0.3811	0.063	-1.666	8
-0.3	9.575	1.297855854	3.327	3.551	0.3758	0.065	-1.664	8
-0.3	9.575	1.2978559732	3.329	3.5508	0.3731	0.066	-1.663	8
-0.3	9.575	1.2978560925	3.331	3.5505	0.3705	0.067	-1.662	8
-0.3	9.575	1.2978562117	3.3349	3.5501	0.3652	0.068	-1.66	8
-0.3	9.575	1.2978563309	3.3369	3.5498	0.3625	0.07	-1.657	8
-0.3	9.575	1.2978564501	3.3389	3.5496	0.3598	0.072	-1.654	8
-0.3	9.575	1.2978565693	3.3428	3.5491	0.3545	0.076	-1.648	8
-0.3	9.575	1.2978566885	3.3443	3.5489	0.3526	0.078	-1.645	8
-0.3	9.575	1.2978568077	3.3457	3.5487	0.3506	0.08	-1.643	8
-0.3	9.575	1.2978569269	3.3471	3.5486	0.3487	0.082	-1.64	8
-0.3	9.575	1.2978570461	3.3486	3.5484	0.3468	0.083	-1.637	8
-0.3	9.575	1.2978571653	3.3514	3.548	0.3429	0.087	-1.632	8
-0.3	9.575	1.2978572845	3.3529	3.5478	0.341	0.089	-1.63	8
-0.3	9.575	1.2978574038	3.3543	3.5477	0.339	0.09	-1.627	8
-0.3	9.575	1.297857523	3.3557	3.5475	0.3371	0.092	-1.625	8
-0.3	9.575	1.2978576422	3.3572	3.5473	0.3352	0.094	-1.622	8
-0.3	9.575	1.2978577614	3.3586	3.5471	0.3332	0.096	-1.62	8
-0.3	9.575	1.2978578806	3.36	3.5469	0.3313	0.097	-1.617	8
-0.3	9.575	1.2978579998	3.3615	3.5467	0.3293	0.099	-1.614	8
-0.3	9.575	1.297858119	3.3644	3.5464	0.3255	0.103	-1.609	8
-0.3	9.575	1.2978582382	3.3658	3.5462	0.3235	0.105	-1.607	8
-0.3	9.575	1.2978583574	3.3672	3.546	0.3216	0.106	-1.604	8
-0.3	9.575	1.2978584766	3.3687	3.5458	0.3197	0.108	-1.602	8
-0.3	9.575	1.2978585958	3.3701	3.5457	0.3177	0.11	-1.599	8
-0.3	9.575	1.2978587151	3.3715	3.5455	0.3158	0.112	-1.597	8
-0.3	9.575	1.2978588343	3.373	3.5453	0.3139	0.113	-1.594	8
-0.3	9.575	1.2978589535	3.3758	3.5449	0.31	0.117	-1.589	8
-0.3	9.575	1.2978590727	3.3773	3.5447	0.308	0.119	-1.586	8
-0.3	9.575	1.2978591919	3.3787	3.5446	0.3061	0.12	-1.584	8
-0.3	9.575	1.2978593111	3.3801	3.5444	0.3042	0.122	-1.581	8
-0.3	9.575	1.2978602648	3.3858	3.5436	0.2949	0.132	-1.569	8
-0.3	9.575	1.2978612185	3.3914	3.5428	0.2857	0.141	-1.556	8
-0.3	9.575	1.2978620529	3.397	3.542	0.2765	0.15	-1.544	8
-0.3	9.575	1.2978630066	3.4026	3.5412	0.2672	0.16	-1.531	8
-0.3	9.575	1.2978639603	3.4082	3.5404	0.258	0.169	-1.518	8
-0.3	9.575	1.2978649139	3.4138	3.5396	0.2487	0.181	-1.502	8
-0.3	9.575	1.2978657484	3.4194	3.5388	0.2395	0.196	-1.482	8
-0.3	9.575	1.2978667021	3.4251	3.538	0.2303	0.211	-1.462	8
-0.3	9.575	1.2978676558	3.4307	3.5373	0.221	0.226	-1.441	8
-0.3	9.575	1.2978686094	3.4363	3.5365	0.2118	0.241	-1.421	8
-0.3	9.575	1.2978694439	3.4419	3.5357	0.2025	0.256	-1.401	8
-0.3	9.575	1.2978703976	3.4475	3.5349	0.1933	0.271	-1.381	8
-0.3	9.575	1.2978713512	3.4531	3.5341	0.184	0.286	-1.361	8
-0.3	9.575	1.2978723049	3.4587	3.5333	0.1748	0.301	-1.341	8
-0.3	9.575	1.2978732586	3.4644	3.5325	0.1656	0.315	-1.322	8
-0.3	9.575	1.2978740931	3.47	3.5317	0.1563	0.33	-1.302	8
-0.3	9.575	1.2978750467	3.4756	3.5309	0.1471	0.344	-1.282	8
-0.3	9.575	1.2978760004	3.4812	3.5301	0.1378	0.359	-1.262	8
-0.3	9.575	1.2978769541	3.4868	3.5293	0.1286	0.385	-1.229	8
-0.3	9.575	1.2978777885	3.4924	3.5285	0.1193	0.414	-1.193	8
-0.3	9.575	1.2978787422	3.498	3.5278	0.1101	0.443	-1.156	8
-0.3	9.575	1.2978796959	3.5036	3.527	0.1008	0.472	-1.12	8
-0.3	9.575	1.2978806496	3.5093	3.5262	0.0916	0.501	-1.084	8
-0.3	9.575	1.297881484	3.5149	3.5254	0.0823	0.53	-1.047	8
-0.3	9.575	1.2978824377	3.5205	3.5246	0.0731	0.559	-1.011	8
-0.3	9.575	1.2978833914	3.5261	3.5238	0.0638	0.588	-0.974	8
-0.3	9.575	1.2978843451	3.5287	3.5233	0.0586	0.608	-0.95	8
-0.3	9.575	1.2978852987	3.5314	3.5228	0.0534	0.627	-0.926	8
-0.3	9.575	1.2978862524	3.534	3.5224	0.0482	0.647	-0.903	8
-0.3	9.575	1.2978872061	3.5367	3.5219	0.0429	0.666	-0.879	8
-0.3	9.575	1.2978881598	3.5393	3.5214	0.0377	0.685	-0.855	8
-0.3	9.575	1.2978891134	3.5419	3.5209	0.0325	0.705	-0.831	8
-0.3	9.575	1.2978901863	3.5446	3.5205	0.0273	0.724	-0.807	8
-0.3	9.575	1.29789114	3.5472	3.52	0.022	0.743	-0.783	8
-0.3	9.575	1.2978920937	3.5499	3.5195	0.0168	0.761	-0.767	8
-0.3	9.575	1.2978930473	3.5525	3.519	0.0116	0.778	-0.751	8
-0.3	9.575	1.297894001	3.5551	3.5186	0.0063	0.795	-0.734	8
-0.3	9.575	1.2978949547	3.5578	3.5181	0.0011	0.813	-0.718	8
-0.3	9.575	1.2978959084	3.5604	3.5176	-0.0041	0.828	-0.7	8
-0.3	9.575	1.297896862	3.563	3.5171	-0.0094	0.842	-0.682	8
-0.3	9.575	1.2978978157	3.5657	3.5167	-0.0146	0.857	-0.665	8
-0.3	9.575	1.2978987694	3.5683	3.5162	-0.0199	0.871	-0.647	8
-0.3	9.575	1.2978997231	3.571	3.5157	-0.0251	0.885	-0.63	8
-0.3	9.575	1.2979006767	3.5736	3.5152	-0.0303	0.899	-0.613	8
-0.3	9.575	1.2979016304	3.5762	3.5148	-0.0356	0.913	-0.596	8
-0.3	9.575	1.2979027033	3.5789	3.5143	-0.0408	0.926	-0.579	8
-0.3	9.575	1.297903657	3.5815	3.5138	-0.0461	0.94	-0.563	8
-0.3	9.575	1.2979046106	3.5842	3.5133	-0.0513	0.953	-0.546	8
-0.3	9.575	1.2979055643	3.5868	3.5128	-0.0566	0.966	-0.53	8
-0.3	9.575	1.297906518	3.5894	3.5124	-0.0618	0.979	-0.514	8
-0.3	9.575	1.2979074717	3.5921	3.5119	-0.0671	0.992	-0.498	8
-0.3	9.575	1.2979084253	3.5947	3.5114	-0.0723	1.005	-0.483	8
-0.3	9.575	1.297909379	3.5968	3.511	-0.0772	1.018	-0.467	8
-0.3	9.575	1.2979103327	3.5989	3.5105	-0.0821	1.031	-0.451	8
-0.3	9.575	1.2979112864	3.601	3.51	-0.087	1.044	-0.435	8
-0.3	9.575	1.29791224	3.6031	3.5096	-0.0919	1.058	-0.418	8
-0.3	9.575	1.2979131937	3.6052	3.5091	-0.0968	1.072	-0.4	8
-0.3	9.575	1.2979141474	3.6073	3.5087	-0.1017	1.086	-0.382	8
-0.3	9.575	1.2979151011	3.6094	3.5082	-0.1066	1.1	-0.364	8
-0.3	9.575	1.2979160547	3.6115	3.5078	-0.1115	1.113	-0.347	8
-0.3	9.575	1.2979170084	3.6137	3.5073	-0.1165	1.126	-0.33	8
-0.3	9.575	1.2979179621	3.6158	3.5068	-0.1214	1.139	-0.313	8
-0.3	9.575	1.2979189157	3.6179	3.5064	-0.1263	1.152	-0.296	8
-0.3	9.575	1.2979198694	3.62	3.5059	-0.1312	1.165	-0.279	8
-0.3	9.575	1.2979207039	3.6221	3.5055	-0.1361	1.178	-0.263	8
-0.3	9.575	1.2979216576	3.6242	3.505	-0.1411	1.19	-0.247	8
-0.3	9.575	1.2979226112	3.6263	3.5045	-0.146	1.202	-0.231	8
-0.3	9.575	1.2979235649	3.6284	3.5041	-0.1509	1.214	-0.215	8
-0.3	9.575	1.2979245186	3.6305	3.5036	-0.1558	1.226	-0.199	8
-0.3	9.575	1.2979254723	3.6326	3.5032	-0.1608	1.238	-0.184	8
-0.3	9.575	1.2979264259	3.6347	3.5027	-0.1657	1.249	-0.168	8
-0.3	9.575	1.2979273796	3.6368	3.5023	-0.1707	1.26	-0.153	8
-0.3	9.575	1.2979283333	3.6389	3.5018	-0.1756	1.271	-0.139	8
-0.3	9.575	1.297929287	3.641	3.5013	-0.1805	1.282	-0.124	8
-0.3	9.575	1.2979302406	3.6431	3.5009	-0.1855	1.293	-0.11	8
-0.3	9.575	1.2979311943	3.6452	3.5004	-0.1904	1.303	-0.095	8
-0.3	9.575	1.297932148	3.6473	3.5	-0.1954	1.314	-0.081	8
-0.3	9.575	1.2979331017	3.6494	3.4995	-0.2003	1.324	-0.066	8
-0.3	9.575	1.2979339361	3.651	3.4991	-0.205	1.335	-0.049	8
-0.3	9.575	1.2979348898	3.6526	3.4986	-0.2097	1.346	-0.033	8
-0.3	9.575	1.2979357243	3.6542	3.4981	-0.2144	1.357	-0.017	8
-0.3	9.575	1.2979366779	3.6558	3.4977	-0.2192	1.368	-0.001	8
-0.3	9.575	1.2979375124	3.6573	3.4972	-0.2239	1.379	0.015	8
-0.3	9.575	1.2979383469	3.6589	3.4968	-0.2286	1.389	0.031	8
-0.3	9.575	1.2979393005	3.6605	3.4963	-0.2333	1.399	0.046	8
-0.3	9.575	1.297940135	3.6621	3.4959	-0.2381	1.409	0.062	8
-0.3	9.575	1.2979409695	3.6637	3.4954	-0.2428	1.419	0.077	8
-0.3	9.575	1.2979419231	3.6653	3.495	-0.2475	1.428	0.091	8
-0.3	9.575	1.2979427576	3.6669	3.4945	-0.2523	1.438	0.106	8
-0.3	9.575	1.2979437113	3.6685	3.4941	-0.257	1.447	0.121	8
-0.3	9.575	1.2979445457	3.67	3.4936	-0.2618	1.456	0.135	8
-0.3	9.575	1.2979453802	3.6716	3.4932	-0.2665	1.464	0.149	8
-0.3	9.575	1.2979463339	3.6732	3.4927	-0.2713	1.473	0.163	8
-0.3	9.575	1.2979471684	3.6748	3.4923	-0.2761	1.481	0.176	8
-0.3	9.575	1.297948122	3.6764	3.4918	-0.2808	1.489	0.19	8
-0.3	9.575	1.2979489565	3.678	3.4913	-0.2856	1.497	0.203	8
-0.3	9.575	1.297949791	3.6796	3.4909	-0.2904	1.505	0.216	8
-0.3	9.575	1.2979507446	3.6811	3.4904	-0.2952	1.513	0.229	8
-0.3	9.575	1.2979515791	3.6827	3.49	-0.3	1.52	0.242	8
-0.3	9.575	1.2979524136	3.6843	3.4895	-0.3047	1.518	0.242	8
-0.3	9.575	1.2979533672	3.6859	3.4891	-0.3095	1.517	0.242	8
-0.3	9.575	1.2979542017	3.6875	3.4886	-0.3143	1.515	0.241	8
-0.3	9.575	1.2979551554	3.6891	3.4882	-0.3191	1.514	0.241	8
-0.3	9.575	1.2979559898	3.6907	3.4877	-0.324	1.512	0.241	8
-0.3	9.575	1.2979568243	3.6922	3.4879	-0.3281	1.497	0.228	8
-0.3	9.575	1.2979576588	3.6937	3.4881	-0.3322	1.483	0.216	8
-0.3	9.575	1.2979584932	3.6952	3.4884	-0.3364	1.468	0.204	8
-0.3	9.575	1.2979593277	3.6967	3.4886	-0.3406	1.453	0.192	8
-0.3	9.575	1.297960043	3.6982	3.4888	-0.3449	1.438	0.18	8
-0.3	9.575	1.2979608774	3.6997	3.489	-0.3491	1.424	0.168	8
-0.3	9.575	1.2979617119	3.7012	3.4892	-0.3534	1.409	0.156	8
-0.3	9.575	1.2979625463	3.7027	3.4894	-0.3577	1.394	0.144	8
-0.3	9.575	1.2979633808	3.7042	3.4896	-0.3621	1.38	0.133	8
-0.3	9.575	1.2979642153	3.7057	3.4898	-0.3665	1.365	0.121	8
-0.3	9.575	1.2979650497	3.7073	3.4901	-0.3709	1.349	0.107	8
-0.3	9.575	1.2979658842	3.7088	3.4903	-0.3754	1.331	0.09	8
-0.3	9.575	1.2979667187	3.7103	3.4905	-0.3798	1.313	0.073	8
-0.3	9.575	1.2979674339	3.7118	3.4907	-0.3844	1.295	0.055	8
-0.3	9.575	1.2979682684	3.7133	3.4909	-0.3889	1.276	0.038	8
-0.3	9.575	1.2979691029	3.7148	3.4911	-0.3935	1.258	0.021	8
-0.3	9.575	1.2979699373	3.7163	3.4913	-0.3981	1.24	0.004	8
-0.3	9.575	1.2979707718	3.7178	3.4915	-0.4028	1.222	-0.014	8
-0.3	9.575	1.2979716063	3.7193	3.4917	-0.4075	1.204	-0.031	8
-0.3	9.575	1.2979724407	3.7208	3.492	-0.4122	1.186	-0.048	8
-0.3	9.575	1.2979732752	3.7223	3.4922	-0.417	1.168	-0.065	8
-0.3	9.575	1.2979739904	3.7238	3.4924	-0.4218	1.15	-0.081	8
-0.3	9.575	1.2979748249	3.7253	3.4926	-0.4267	1.132	-0.098	8
-0.3	9.575	1.2979756594	3.7269	3.4928	-0.4316	1.114	-0.115	8
-0.3	9.575	1.2979764938	3.7284	3.493	-0.4365	1.096	-0.132	8
-0.3	9.575	1.2979773283	3.7299	3.4932	-0.4415	1.078	-0.149	8
-0.3	9.575	1.2979778051	3.7309	3.4967	-0.4339	0.967	-0.286	8
-0.3	9.575	1.297978282	3.7319	3.5001	-0.4263	0.853	-0.426	8
-0.3	9.575	1.2979787588	3.7329	3.5036	-0.4188	0.735	-0.556	8
-0.3	9.575	1.2979792356	3.734	3.507	-0.4113	0.614	-0.687	8
-0.3	9.575	1.2979797125	3.735	3.5105	-0.4039	0.491	-0.819	8
-0.3	9.575	1.2979801893	3.736	3.5139	-0.3966	0.366	-0.942	8
-0.3	9.575	1.297980547	3.737	3.5174	-0.3894	0.24	-1.066	8
-0.3	9.575	1.2979810238	3.738	3.5208	-0.3822	0.103	-1.214	8
-0.3	9.575	1.2979815006	3.7391	3.5243	-0.3751	-0.065	-1.428	8
-0.3	9.575	1.2979819775	3.7401	3.5277	-0.368	-0.234	-1.642	8
-0.3	9.575	1.2979824543	3.7411	3.5312	-0.3611	-0.389	-1.841	8
-0.3	9.575	1.2979829311	3.7421	3.5346	-0.3542	-0.517	-2.008	8
-0.3	9.575	1.297983408	3.7432	3.5381	-0.3474	-0.645	-2.174	8
-0.3	9.575	1.2979838848	3.7442	3.5415	-0.3407	-0.762	-2.325	8
-0.3	9.575	1.2979843616	3.7452	3.545	-0.3341	-0.866	-2.458	8
-0.3	9.575	1.2979848385	3.7462	3.5484	-0.3276	-0.969	-2.59	8
-0.3	9.575	1.2979853153	3.7472	3.5519	-0.3211	-1.062	-2.706	8
-0.3	9.575	1.2979857922	3.7483	3.5553	-0.3148	-1.146	-2.808	8
-0.3	9.575	1.297986269	3.7493	3.5588	-0.3085	-1.23	-2.909	8
-0.3	9.575	1.2979866266	3.7503	3.5622	-0.3024	-1.304	-2.994	8
-0.3	9.575	1.2979871035	3.7513	3.5657	-0.2963	-1.373	-3.068	8
-0.3	9.575	1.2979875803	3.7523	3.5691	-0.2904	-1.441	-3.142	8
-0.3	9.575	1.2979880571	3.7534	3.5726	-0.2845	-1.506	-3.205	8
-0.3	9.575	1.297988534	3.7544	3.576	-0.2788	-1.569	-3.264	8
-0.3	9.575	1.2979890108	3.7554	3.5795	-0.2732	-1.632	-3.323	8
-0.3	9.575	1.2979894876	3.7564	3.5829	-0.2677	-1.692	-3.374	8
