# File generated by 'createIsoFiles.py' on Fri Nov 24 15:30:50 2017.
# Content of file: isochrone table with t = 11.22Gyr, [Fe/H] = 0.05.
# Isochrone tables in this file have been created by
# on the basis of PARSEC isochrones.
# NOTE: templates with M < 0.1 Msun have been.
# removed (considered below LMCO).
# -----------------------------------------------------------------
# FeH	log(age/yr)	M_ini	logL/Lo	logTeff	logg	 B	 V	 stage
0.05	10.05	0.1000000015	-3.2507	3.384	5.1767	20.837	18.89	1
0.05	10.05	0.1199999973	-2.9919	3.4173	5.1303	18.837	17.029	1
0.05	10.05	0.1400000006	-2.8045	3.4389	5.0962	17.535	15.82	1
0.05	10.05	0.1599999964	-2.6629	3.4526	5.0672	16.71	15.051	1
0.05	10.05	0.200000003	-2.4429	3.4713	5.0192	15.569	13.97	1
0.05	10.05	0.25	-2.2277	3.4878	4.9669	14.579	13.02	1
0.05	10.05	0.3000000119	-2.0606	3.4988	4.9228	13.901	12.374	1
0.05	10.05	0.349999994	-1.9151	3.5076	4.8795	13.349	11.849	1
0.05	10.05	0.400000006	-1.771	3.5189	4.8388	12.769	11.297	1
0.05	10.05	0.4499999881	-1.6218	3.5313	4.7904	12.186	10.743	1
0.05	10.05	0.5	-1.4651	3.5462	4.7388	11.573	10.16	1
0.05	10.05	0.5500000119	-1.2867	3.5661	4.6814	10.86	9.466	1
0.05	10.05	0.6000000238	-1.1118	3.5911	4.6443	10.12	8.753	1
0.05	10.05	0.6499999762	-0.9312	3.6222	4.6226	9.301	8.015	1
0.05	10.05	0.6999999881	-0.7536	3.6537	4.6033	8.439	7.287	1
0.05	10.05	0.714456737	-0.7023	3.6627	4.5969	8.189	7.082	1
0.05	10.05	0.7393127084	-0.6148	3.6778	4.5845	7.781	6.747	1
0.05	10.05	0.75	-0.5774	3.6841	4.5787	7.616	6.611	1
0.05	10.05	0.7596631646	-0.5448	3.6887	4.5703	7.483	6.499	1
0.05	10.05	0.7769140601	-0.4864	3.697	4.5545	7.251	6.304	1
0.05	10.05	0.7933828235	-0.4306	3.7047	4.5386	7.037	6.123	1
0.05	10.05	0.8000000119	-0.408	3.7077	4.5318	6.953	6.051	1
0.05	10.05	0.8104043007	-0.3723	3.7123	4.5199	6.823	5.939	1
0.05	10.05	0.8254705667	-0.3201	3.7187	4.5016	6.636	5.779	1
0.05	10.05	0.8400015831	-0.2694	3.7248	4.4825	6.462	5.628	1
0.05	10.05	0.8509937525	-0.2307	3.7292	4.4671	6.332	5.514	1
0.05	10.05	0.8638952971	-0.1841	3.7339	4.4462	6.178	5.381	1
0.05	10.05	0.8779312968	-0.1324	3.7389	4.4213	6.01	5.234	1
0.05	10.05	0.8910961151	-0.083	3.7432	4.3956	5.855	5.097	1
0.05	10.05	0.9009937048	-0.0451	3.7462	4.3746	5.739	4.994	1
0.05	10.05	0.9038285017	-0.0342	3.747	4.3682	5.706	4.964	1
0.05	10.05	0.9181005359	0.0209	3.7504	4.3334	5.545	4.817	1
0.05	10.05	0.9309400916	0.072	3.7528	4.298	5.401	4.683	1
0.05	10.05	0.9392681718	0.1071	3.7543	4.2725	5.304	4.592	1
0.05	10.05	0.9509937167	0.1589	3.7554	4.2305	5.166	4.459	1
0.05	10.05	0.9554641247	0.1796	3.7555	4.2125	5.113	4.407	1
0.05	10.05	0.9644576311	0.2228	3.7549	4.1705	5.008	4.3	1
0.05	10.05	0.9693844914	0.2472	3.7538	4.1441	4.953	4.242	2
0.05	10.05	0.9727869034	0.2643	3.7526	4.1236	4.918	4.202	2
0.05	10.05	0.9806047678	0.3027	3.7474	4.0679	4.854	4.119	2
0.05	10.05	0.9870707989	0.3292	3.7381	4.0069	4.846	4.078	2
0.05	10.05	0.9906844497	0.3363	3.7274	3.9589	4.906	4.096	2
0.05	10.05	0.9930624962	0.3389	3.7169	3.9152	4.981	4.13	2
0.05	10.05	0.9951982498	0.3523	3.7061	3.8593	5.036	4.143	2
0.05	10.05	0.9971104264	0.3867	3.6977	3.7924	5.023	4.097	2
0.05	10.05	0.9978675246	0.406	3.695	3.7624	5.001	4.063	3
0.05	10.05	0.9985300899	0.4297	3.6933	3.7324	4.957	4.012	3
0.05	10.05	0.9996383786	0.4721	3.6908	3.6804	4.873	3.918	3
0.05	10.05	1.0007961988	0.5236	3.6888	3.6213	4.762	3.799	3
0.05	10.05	1.0009937286	0.5331	3.6885	3.6107	4.74	3.777	3
0.05	10.05	1.0013227463	0.5491	3.688	3.5929	4.705	3.74	3
0.05	10.05	1.0021481514	0.5926	3.6869	3.5454	4.605	3.636	3
0.05	10.05	1.0029240847	0.6369	3.6858	3.497	4.503	3.531	3
0.05	10.05	1.0036468506	0.6815	3.6848	3.4488	4.402	3.424	3
0.05	10.05	1.0042657852	0.7224	3.6839	3.4046	4.309	3.326	3
0.05	10.05	1.0048556328	0.7647	3.683	3.3585	4.214	3.225	3
0.05	10.05	1.0054519176	0.8108	3.6818	3.3082	4.111	3.116	3
0.05	10.05	1.0059564114	0.8531	3.6806	3.2613	4.018	3.016	3
0.05	10.05	1.0064077377	0.894	3.6794	3.2157	3.929	2.92	3
0.05	10.05	1.0068267584	0.9347	3.6781	3.1701	3.841	2.826	3
0.05	10.05	1.0072414875	0.9786	3.6767	3.1205	3.748	2.725	3
0.05	10.05	1.0076926947	1.031	3.6748	3.0607	3.638	2.605	3
0.05	10.05	1.0080229044	1.0725	3.6732	3.0129	3.552	2.51	3
0.05	10.05	1.0083142519	1.1124	3.6716	2.9669	3.469	2.42	3
0.05	10.05	1.0085834265	1.1521	3.6699	2.9206	3.388	2.33	3
0.05	10.05	1.0089068413	1.204	3.6677	2.8599	3.283	2.215	3
0.05	10.05	1.0091933012	1.2545	3.6654	2.8003	3.183	2.104	3
0.05	10.05	1.0094558001	1.3051	3.6631	2.7404	3.083	1.992	3
0.05	10.05	1.0096995831	1.3559	3.6606	2.6796	2.983	1.881	3
0.05	10.05	1.0099228621	1.4051	3.6581	2.6207	2.889	1.775	3
0.05	10.05	1.0101517439	1.4543	3.6556	2.5613	2.796	1.67	3
0.05	10.05	1.0103857517	1.4843	3.6541	2.5255	2.739	1.605	3
0.05	10.05	1.01052773	1.4666	3.6554	2.5483	2.768	1.64	3
0.05	10.05	1.0106594563	1.4213	3.6583	2.6051	2.847	1.733	3
0.05	10.05	1.0106893778	1.4126	3.6588	2.616	2.862	1.75	3
0.05	10.05	1.0108296871	1.4525	3.6567	2.5677	2.787	1.666	3
0.05	10.05	1.010999918	1.5002	3.6541	2.5095	2.699	1.565	3
0.05	10.05	1.0111625195	1.5484	3.6514	2.4505	2.616	1.464	3
0.05	10.05	1.0113123655	1.5963	3.6486	2.3916	2.536	1.365	3
0.05	10.05	1.0114507675	1.6442	3.6459	2.3326	2.459	1.268	3
0.05	10.05	1.0115753412	1.6911	3.6431	2.2745	2.384	1.173	3
0.05	10.05	1.0116894245	1.7378	3.6402	2.2163	2.31	1.08	3
0.05	10.05	1.0117949247	1.7849	3.6374	2.1577	2.237	0.987	3
0.05	10.05	1.011887908	1.8301	3.6344	2.1007	2.17	0.9	3
0.05	10.05	1.0119748116	1.8757	3.6315	2.0435	2.101	0.812	3
0.05	10.05	1.0120544434	1.921	3.6285	1.9861	2.037	0.728	3
0.05	10.05	1.0121251345	1.9651	3.6256	1.9301	1.978	0.647	3
0.05	10.05	1.0121926069	2.0108	3.6226	1.8722	1.917	0.563	3
0.05	10.05	1.0122511387	2.0538	3.6195	1.8169	1.862	0.487	3
0.05	10.05	1.0123070478	2.0985	3.6165	1.76	1.804	0.409	3
0.05	10.05	1.0123571157	2.1419	3.6133	1.7037	1.752	0.335	3
0.05	10.05	1.0124031305	2.1849	3.6102	1.6481	1.699	0.261	3
0.05	10.05	1.0124459267	2.2283	3.6072	1.5922	1.647	0.19	3
0.05	10.05	1.0124840736	2.2698	3.6039	1.5376	1.602	0.126	3
0.05	10.05	1.0125200748	2.3123	3.6008	1.4821	1.551	0.057	3
0.05	10.05	1.0125529766	2.3542	3.5975	1.4271	1.502	-0.004	3
0.05	10.05	1.0125825405	2.3946	3.5942	1.3732	1.457	-0.059	3
0.05	10.05	1.0126105547	2.4357	3.591	1.3189	1.41	-0.118	3
0.05	10.05	1.0126361847	2.4762	3.5877	1.2648	1.368	-0.167	3
0.05	10.05	1.0126588345	2.5146	3.5843	1.2125	1.333	-0.207	3
0.05	10.05	1.012680769	2.5545	3.581	1.1589	1.293	-0.253	3
0.05	10.05	1.0127007961	2.5937	3.5776	1.1056	1.261	-0.285	3
0.05	10.05	1.0127233267	2.641	3.5732	1.0404	1.231	-0.314	3
0.05	10.05	1.0127438307	2.6876	3.5689	0.9759	1.211	-0.338	3
0.05	10.05	1.0127626657	2.7336	3.5645	0.9116	1.214	-0.346	3
0.05	10.05	1.0127798319	2.7786	3.5601	0.8482	1.217	-0.356	3
0.05	10.05	1.0127956867	2.8236	3.5556	0.7843	1.241	-0.337	3
0.05	10.05	1.0128102303	2.8676	3.5511	0.7215	1.263	-0.319	3
0.05	10.05	1.0128233433	2.9101	3.5466	0.6599	1.306	-0.274	3
0.05	10.05	1.012835741	2.9529	3.542	0.5977	1.353	-0.223	3
0.05	10.05	1.0128469467	2.9941	3.5375	0.537	1.423	-0.147	3
0.05	10.05	1.0128573179	3.0345	3.5329	0.4769	1.507	-0.051	3
0.05	10.05	1.0128669739	3.0742	3.5282	0.4173	1.612	0.071	3
0.05	10.05	1.012876153	3.1141	3.5236	0.3571	1.759	0.23	3
0.05	10.05	1.0128843784	3.1518	3.5189	0.299	1.909	0.39	3
0.05	10.05	1.012892127	3.1895	3.5142	0.2404	2.057	0.525	3
0.05	10.05	1.0128993988	3.2264	3.5094	0.1825	2.213	0.668	3
0.05	10.05	1.0129061937	3.2625	3.5047	0.125	2.373	0.817	3
0.05	10.05	1.0129127502	3.2988	3.4999	0.067	2.542	0.977	3
0.05	10.05	1.0129189491	3.3349	3.495	0.0086	2.712	1.142	3
0.05	10.05	1.0129247904	3.3701	3.4902	-0.0491	2.84	1.3	3
0.05	10.05	1.0129309893	3.4056	3.4853	-0.1083	2.874	1.353	4
0.05	10.05	1.01301682	1.6756	3.6637	2.3353	2.161	1.052	4
0.05	10.05	1.0130958557	1.6788	3.6636	2.3317	2.154	1.045	4
0.05	10.05	1.013176322	1.6779	3.6639	2.3338	2.153	1.045	4
0.05	10.05	1.0132572651	1.6754	3.6643	2.3383	2.154	1.048	4
0.05	10.05	1.0133363008	1.6724	3.6648	2.3433	2.155	1.052	4
0.05	10.05	1.0134191513	1.6692	3.6654	2.3487	2.156	1.056	4
0.05	10.05	1.0134999752	1.6661	3.6659	2.3539	2.157	1.061	4
0.05	10.05	1.0135819912	1.6631	3.6664	2.3592	2.158	1.065	4
0.05	10.05	1.0136635303	1.6603	3.667	2.364	2.159	1.068	4
0.05	10.05	1.0137474537	1.6579	3.6674	2.3684	2.159	1.071	4
0.05	10.05	1.0138355494	1.6556	3.6679	2.3724	2.16	1.074	4
0.05	10.05	1.0139240026	1.6537	3.6682	2.3759	2.16	1.076	4
0.05	10.05	1.014010191	1.6521	3.6686	2.3789	2.16	1.078	4
0.05	10.05	1.0140384436	1.6516	3.6687	2.3798	2.16	1.078	4
0.05	10.05	1.0140924454	1.6508	3.6689	2.3815	2.159	1.079	4
0.05	10.05	1.0141713619	1.6497	3.6691	2.3835	2.159	1.08	4
0.05	10.05	1.0142563581	1.6489	3.6693	2.3853	2.158	1.081	4
0.05	10.05	1.014341712	1.6484	3.6695	2.3865	2.157	1.081	4
0.05	10.05	1.0144264698	1.6484	3.6696	2.387	2.156	1.08	4
0.05	10.05	1.0145112276	1.6489	3.6697	2.3869	2.154	1.078	4
0.05	10.05	1.0145927668	1.6498	3.6697	2.3859	2.152	1.076	4
0.05	10.05	1.0146285295	1.6503	3.6696	2.3853	2.151	1.075	4
0.05	10.05	1.0146765709	1.6512	3.6696	2.3842	2.15	1.073	4
0.05	10.05	1.0147567987	1.6532	3.6695	2.3818	2.147	1.069	4
0.05	10.05	1.0148367882	1.6557	3.6693	2.3785	2.143	1.064	4
0.05	10.05	1.0149147511	1.6589	3.669	2.3743	2.139	1.058	4
0.05	10.05	1.0149952173	1.6629	3.6686	2.3689	2.133	1.05	4
0.05	10.05	1.0150754452	1.6676	3.6682	2.3624	2.127	1.041	4
0.05	10.05	1.0151551962	1.6729	3.6677	2.3551	2.12	1.031	4
0.05	10.05	1.0152347088	1.6793	3.667	2.3461	2.112	1.02	4
0.05	10.05	1.0153137445	1.686	3.6664	2.337	2.104	1.007	4
0.05	10.05	1.015393734	1.6826	3.6667	2.3418	2.108	1.013	4
0.05	10.05	1.0154755116	1.7016	3.6649	2.3157	2.083	0.978	4
0.05	10.05	1.0155549049	1.7299	3.6623	2.2769	2.046	0.925	4
0.05	10.05	1.0156134367	1.767	3.6589	2.2261	1.998	0.855	4
0.05	10.05	1.0156446695	1.805	3.6553	2.1736	1.953	0.787	4
0.05	10.05	1.0156617165	1.8444	3.6517	2.1199	1.903	0.715	4
0.05	10.05	1.0156708956	1.8848	3.648	2.0649	1.854	0.642	4
0.05	10.05	1.0156757832	1.9248	3.6444	2.0105	1.807	0.572	4
0.05	10.05	1.0156786442	1.9647	3.6408	1.9563	1.761	0.502	4
0.05	10.05	1.0156804323	2.0026	3.6375	1.905	1.72	0.437	4
0.05	10.05	1.0156815052	2.0331	3.6348	1.8637	1.688	0.385	7
0.05	10.05	1.0156817436	2.0408	3.6341	1.8533	1.679	0.372	7
0.05	10.05	1.0156829357	2.0796	3.6307	1.801	1.637	0.306	7
0.05	10.05	1.015684247	2.118	3.6274	1.7494	1.597	0.243	7
0.05	10.05	1.0156860352	2.1448	3.6251	1.7133	1.569	0.199	7
0.05	10.05	1.0156892538	2.1215	3.6272	1.745	1.592	0.236	7
0.05	10.05	1.0156950951	2.0849	3.6304	1.7942	1.63	0.296	7
0.05	10.05	1.0157444477	2.0827	3.6306	1.7973	1.633	0.3	7
0.05	10.05	1.0157876015	2.1259	3.6267	1.7386	1.589	0.23	7
0.05	10.05	1.0158215761	2.1701	3.6228	1.6788	1.545	0.159	7
0.05	10.05	1.0158501863	2.2119	3.6191	1.6223	1.502	0.091	7
0.05	10.05	1.0158748627	2.2537	3.6155	1.5662	1.461	0.027	7
0.05	10.05	1.0158962011	2.2952	3.6119	1.5101	1.421	-0.038	7
0.05	10.05	1.0159146786	2.3362	3.6082	1.4544	1.379	-0.098	7
0.05	10.05	1.0159310102	2.3771	3.6046	1.3989	1.336	-0.156	7
0.05	10.05	1.0159454346	2.4178	3.6009	1.3436	1.294	-0.214	7
0.05	10.05	1.0159583092	2.4582	3.5972	1.2885	1.256	-0.266	7
0.05	10.05	1.0159702301	2.4985	3.5935	1.2333	1.219	-0.316	7
0.05	10.05	1.015981555	2.539	3.5897	1.1777	1.183	-0.365	7
0.05	10.05	1.0159921646	2.5792	3.5859	1.1223	1.15	-0.403	7
0.05	10.05	1.0160022974	2.6195	3.5819	1.0661	1.12	-0.439	7
0.05	10.05	1.0160119534	2.6602	3.578	1.0095	1.094	-0.468	7
0.05	10.05	1.0160206556	2.7003	3.5739	0.9531	1.088	-0.486	7
0.05	10.05	1.0160287619	2.7411	3.5696	0.8952	1.086	-0.505	7
0.05	10.05	1.0160348415	2.7815	3.5653	0.8377	1.097	-0.503	7
0.05	10.05	1.0160390139	2.8203	3.5611	0.7818	1.108	-0.502	7
0.05	10.05	1.0160423517	2.8591	3.5567	0.7257	1.134	-0.48	7
0.05	10.05	1.0160452127	2.898	3.5523	0.6691	1.164	-0.451	7
0.05	10.05	1.0160478354	2.9363	3.5478	0.6128	1.207	-0.405	7
0.05	10.05	1.0160505772	2.9757	3.5431	0.5544	1.266	-0.338	7
0.05	10.05	1.0160530806	3.0156	3.5382	0.4952	1.339	-0.255	7
0.05	10.05	1.0160558224	3.0562	3.5331	0.4341	1.435	-0.136	7
0.05	10.05	1.0160585642	3.0951	3.5281	0.3751	1.558	0.008	7
0.05	10.05	1.0160614252	3.1328	3.5232	0.3178	1.724	0.19	7
0.05	10.05	1.0160646439	3.1713	3.5181	0.2589	1.895	0.367	7
0.05	10.05	1.0160667896	3.1795	3.5171	0.2467	1.925	0.395	7
0.05	10.05	1.0160669088	3.1639	3.5193	0.2712	1.85	0.325	7
0.05	10.05	1.016067028	3.156	3.5203	0.2832	1.817	0.293	7
0.05	10.05	1.0160671473	3.1761	3.5176	0.252	1.908	0.379	7
0.05	10.05	1.0160672665	3.1937	3.5151	0.2247	1.991	0.456	7
0.05	10.05	1.0160675049	3.2112	3.5126	0.1972	2.078	0.537	7
0.05	10.05	1.0160676241	3.2282	3.5101	0.1701	2.17	0.623	7
0.05	10.05	1.0160678625	3.246	3.5074	0.1415	2.267	0.715	7
0.05	10.05	1.0160681009	3.264	3.5046	0.1124	2.369	0.812	7
0.05	10.05	1.0160684586	3.281	3.502	0.0849	2.471	0.908	7
0.05	10.05	1.0160689354	3.3018	3.4987	0.0511	2.595	1.028	7
0.05	10.05	1.0160694122	3.3155	3.4966	0.0288	2.673	1.105	7
0.05	10.05	1.0160695314	3.3494	3.4951	0.0331	2.667	1.102	8
0.05	10.05	1.0160696507	3.3534	3.4945	0.0264	2.692	1.126	8
0.05	10.05	1.0160697699	3.3573	3.4939	0.0198	2.716	1.15	8
0.05	10.05	1.0160698891	3.3612	3.4932	0.0131	2.741	1.175	8
0.05	10.05	1.0160700083	3.3691	3.492	-0.0003	2.791	1.224	8
0.05	10.05	1.0160701275	3.373	3.4913	-0.0069	2.809	1.247	8
0.05	10.05	1.0160702467	3.3769	3.4907	-0.0136	2.827	1.269	8
0.05	10.05	1.0160703659	3.3808	3.4901	-0.0203	2.845	1.291	8
0.05	10.05	1.0160704851	3.3848	3.4894	-0.027	2.854	1.303	8
0.05	10.05	1.0160706043	3.3887	3.4888	-0.0336	2.862	1.313	8
0.05	10.05	1.0160707235	3.3926	3.4882	-0.0403	2.87	1.322	8
0.05	10.05	1.0160708427	3.3965	3.4875	-0.047	2.877	1.331	8
0.05	10.05	1.016070962	3.4044	3.4863	-0.0603	2.891	1.349	8
0.05	10.05	1.0160710812	3.4083	3.4856	-0.067	2.897	1.357	8
0.05	10.05	1.0160712004	3.4122	3.485	-0.0737	2.903	1.365	8
0.05	10.05	1.0160713196	3.4161	3.4844	-0.0804	2.909	1.372	8
0.05	10.05	1.0160714388	3.4201	3.4837	-0.087	2.914	1.38	8
0.05	10.05	1.016071558	3.424	3.4831	-0.0937	2.919	1.386	8
0.05	10.05	1.0160716772	3.4279	3.4825	-0.1004	2.924	1.393	8
0.05	10.05	1.0160717964	3.4358	3.4812	-0.1137	2.932	1.405	8
0.05	10.05	1.0160719156	3.4397	3.4806	-0.1204	2.936	1.41	8
0.05	10.05	1.0160720348	3.4436	3.48	-0.1271	2.939	1.415	8
0.05	10.05	1.016072154	3.4475	3.4793	-0.1338	2.938	1.416	8
0.05	10.05	1.0160722733	3.4504	3.4788	-0.1393	2.939	1.418	8
0.05	10.05	1.0160725117	3.4533	3.4782	-0.1449	2.94	1.419	8
0.05	10.05	1.0160726309	3.4562	3.4776	-0.1505	2.941	1.421	8
0.05	10.05	1.0160727501	3.4591	3.4771	-0.1561	2.941	1.422	8
0.05	10.05	1.0160729885	3.462	3.4765	-0.1617	2.942	1.423	8
0.05	10.05	1.0160731077	3.4649	3.476	-0.1673	2.942	1.424	8
0.05	10.05	1.0160732269	3.4679	3.4754	-0.1728	2.942	1.425	8
0.05	10.05	1.0160733461	3.4708	3.4748	-0.1784	2.942	1.426	8
0.05	10.05	1.0160735846	3.4737	3.4743	-0.184	2.941	1.426	8
0.05	10.05	1.0160737038	3.4766	3.4737	-0.1896	2.94	1.426	8
0.05	10.05	1.016073823	3.4795	3.4731	-0.1952	2.939	1.426	8
0.05	10.05	1.0160740614	3.4824	3.4726	-0.2008	2.938	1.426	8
0.05	10.05	1.0160741806	3.4853	3.472	-0.2063	2.937	1.426	8
0.05	10.05	1.0160742998	3.4882	3.4715	-0.2119	2.935	1.425	8
0.05	10.05	1.0160745382	3.4911	3.4709	-0.2175	2.934	1.424	8
0.05	10.05	1.0160746574	3.494	3.4703	-0.2231	2.932	1.423	8
0.05	10.05	1.0160747766	3.4969	3.4698	-0.2287	2.929	1.421	8
0.05	10.05	1.0160750151	3.4998	3.4692	-0.2343	2.924	1.418	8
0.05	10.05	1.0160751343	3.5027	3.4686	-0.2399	2.919	1.414	8
0.05	10.05	1.0160752535	3.5056	3.4681	-0.2455	2.914	1.411	8
0.05	10.05	1.0160753727	3.5085	3.4675	-0.2511	2.909	1.407	8
0.05	10.05	1.0160756111	3.5114	3.467	-0.2566	2.903	1.403	8
0.05	10.05	1.0160757303	3.5143	3.4664	-0.2622	2.898	1.399	8
0.05	10.05	1.0160758495	3.5172	3.4658	-0.2678	2.892	1.394	8
0.05	10.05	1.016076088	3.5201	3.4653	-0.2734	2.886	1.39	8
0.05	10.05	1.0160762072	3.523	3.4647	-0.279	2.88	1.385	8
0.05	10.05	1.0160763264	3.5248	3.4642	-0.2846	2.877	1.383	8
0.05	10.05	1.0160765648	3.5265	3.4636	-0.2901	2.873	1.381	8
0.05	10.05	1.016076684	3.5283	3.463	-0.2957	2.87	1.379	8
0.05	10.05	1.0160769224	3.53	3.4625	-0.3013	2.866	1.377	8
0.05	10.05	1.0160770416	3.5318	3.4619	-0.3069	2.862	1.374	8
0.05	10.05	1.01607728	3.5335	3.4614	-0.3125	2.858	1.372	8
0.05	10.05	1.0160773993	3.5353	3.4608	-0.3181	2.853	1.369	8
0.05	10.05	1.0160776377	3.537	3.4602	-0.3237	2.849	1.366	8
0.05	10.05	1.0160777569	3.5388	3.4597	-0.3293	2.842	1.362	8
0.05	10.05	1.0160779953	3.5405	3.4591	-0.3349	2.834	1.357	8
0.05	10.05	1.0160781145	3.5423	3.4585	-0.3405	2.826	1.352	8
0.05	10.05	1.0160783529	3.5441	3.458	-0.3461	2.818	1.346	8
0.05	10.05	1.0160784721	3.5458	3.4574	-0.3518	2.81	1.341	8
0.05	10.05	1.0160785913	3.5476	3.4569	-0.3574	2.802	1.336	8
0.05	10.05	1.0160788298	3.5493	3.4563	-0.363	2.794	1.33	8
0.05	10.05	1.016078949	3.5511	3.4557	-0.3687	2.785	1.325	8
0.05	10.05	1.0160791874	3.5528	3.4552	-0.3743	2.777	1.319	8
0.05	10.05	1.0160793066	3.5546	3.4546	-0.38	2.768	1.313	8
0.05	10.05	1.016079545	3.5563	3.4541	-0.3857	2.759	1.308	8
0.05	10.05	1.0160796642	3.5581	3.4535	-0.3913	2.75	1.302	8
0.05	10.05	1.0160799026	3.5598	3.4529	-0.397	2.741	1.296	8
0.05	10.05	1.0160800219	3.5616	3.4524	-0.4027	2.732	1.29	8
0.05	10.05	1.0160802603	3.5633	3.4518	-0.4084	2.723	1.283	8
0.05	10.05	1.0160803795	3.5651	3.4513	-0.4141	2.713	1.277	8
0.05	10.05	1.0160806179	3.5669	3.4507	-0.4198	2.704	1.271	8
0.05	10.05	1.0160807371	3.5686	3.4501	-0.4255	2.694	1.265	8
0.05	10.05	1.0160809755	3.5706	3.4542	-0.4177	2.659	1.226	8
0.05	10.05	1.0160810947	3.5726	3.4583	-0.41	2.622	1.186	8
0.05	10.05	1.0160813332	3.5746	3.4625	-0.4024	2.574	1.139	8
0.05	10.05	1.0160814524	3.5766	3.4666	-0.3949	2.516	1.087	8
0.05	10.05	1.0160816908	3.5786	3.4707	-0.3876	2.454	1.031	8
0.05	10.05	1.01608181	3.5805	3.4748	-0.3803	2.379	0.965	8
0.05	10.05	1.0160820484	3.5825	3.4789	-0.3732	2.303	0.896	8
0.05	10.05	1.0160821676	3.5845	3.483	-0.3661	2.211	0.813	8
0.05	10.05	1.016082406	3.5865	3.4871	-0.3593	2.112	0.721	8
0.05	10.05	1.0160825253	3.5885	3.4912	-0.3525	1.995	0.608	8
0.05	10.05	1.0160827637	3.5905	3.4953	-0.3459	1.836	0.443	8
0.05	10.05	1.0160828829	3.5925	3.4994	-0.3394	1.676	0.276	8
0.05	10.05	1.0160831213	3.5945	3.5035	-0.3331	1.494	0.09	8
0.05	10.05	1.0160833597	3.5965	3.5076	-0.3269	1.308	-0.101	8
0.05	10.05	1.0160834789	3.5985	3.5117	-0.3209	1.113	-0.301	8
0.05	10.05	1.0160837173	3.6005	3.5158	-0.315	0.908	-0.511	8
0.05	10.05	1.0160838366	3.6024	3.5199	-0.3094	0.701	-0.723	8
0.05	10.05	1.016084075	3.6044	3.524	-0.3039	0.475	-0.976	8
0.05	10.05	1.0160841942	3.6064	3.5281	-0.2986	0.249	-1.231	8
0.05	10.05	1.0160844326	3.6084	3.5322	-0.2935	0.054	-1.457	8
0.05	10.05	1.0160845518	3.6104	3.5363	-0.2885	-0.113	-1.659	8
0.05	10.05	1.0160847902	3.6124	3.5404	-0.2838	-0.277	-1.856	8
0.05	10.05	1.0160849094	3.6144	3.5445	-0.2794	-0.41	-2.021	8
0.05	10.05	1.0160851479	3.6164	3.5486	-0.2751	-0.542	-2.185	8
0.05	10.05	1.0160852671	3.6184	3.5527	-0.2711	-0.656	-2.326	8
0.05	10.05	1.0160855055	3.6204	3.5568	-0.2674	-0.761	-2.456	8
